59
60
62
63
65
80
81
83
84
87
89
90
92
99
106
107
116
134
135
160
163
164
165
166
167
169
170
171
177
178
180
195
219
235
245
246
266
414
415
416
448
461
471
585
586
587
594
596
695
697
700
702
703
704
705
707
708
753
754
756
757
758
761
762
763
765
766
767
768
770
842
843
844
845
846
847
848
851
853
854
855
856
857
858
860
861
862
864
865
867
868
869
870
875
876
935
936
937
938
939
940
942
943
944
945
946
948
949
950
951
952
953
954
955
956
957
958
959
960
961
962
963
964
966
969
974
977
978
979
980
983
984
985
986
987
988
989
991
993
994
995
996
997
998
999
701A
BILL
C06
D01
D02
D07
D08
D09
D23
D25
D26
D27
D28
D29
D32
D33
D34
D35
D36
D37
D38
D41
H138A
H140
H145
H150
H158
H167A
S122A
S125
S144A
S152A
59
319
395
396
667
669
670
690
691
894
895
900
901
902
905
907
908
910
911
912
BOL
H045
H050
H055
H060
H065
H070
H075
H080
H085
H090
H095
H100
H105
H110
H115
H120
H125
H127
H130
H133
S030
S035
S040
S045
S050
S055
S060
S065
S070
S075
S080
S085
S090
S095
S100
S105
S110
S112
S115
S117
S120
V13
1
11
16
17
32
34
49
80
81
83
84
87
89
106
107
111
116
121
134
343
344
346
488
499
501
502
503
511
514
515
516
517
520
522
524
525
527
539
541
554
574
575
576
577
578
579
580
581
582
583
584
585
586
587
588
589
590
591
592
593
594
595
596
597
598
599
600
601
602
603
604
605
606
607
608
609
610
611
613
614
615
616
617
618
619
620
621
622
623
624
625
626
628
629
630
631
632
633
634
635
636
637
638
639
640
641
642
643
644
645
646
647
649
650
651
653
654
655
656
657
658
661
708
718
721
726
727
729
730
731
734
743
756
781
783
785
789
791
799
800
801
802
803
804
829
841
843
844
845
848
913
914
915
916
917
918
919
938
939
940
941
942
943
944
945
946
947
948
949
950
951
952
953
954
957
958
959
986
778A
779A
A01
A36
A85
A94
BOL
C02
C03
C04
C05
C06
C07
C08
C10
C11
C12
C15
C16
C17
C18
D39
D40
E01
1
11
16
17
49
57
59
60
61
62
63
65
66
67
68
69
70
71
72
73
74
75
76
77
78
79
80
81
82
83
84
85
87
88
89
90
91
92
93
95
99
100
104
105
106
107
111
115
116
117
118
134
135
136
139
155
158
160
163
164
165
166
167
168
169
170
171
172
173
174
175
176
177
178
179
180
183
195
242
280
414
416
488
490
491
492
493
494
495
496
497
498
499
500
501
502
503
508
509
510
511
513
514
515
516
519
520
522
523
524
525
526
527
529
538
539
540
541
542
545
548
554
560
561
565
566
575
576
577
578
579
580
581
582
584
585
586
587
589
591
592
593
594
596
597
599
601
602
605
606
608
610
613
614
615
618
620
625
630
633
634
635
636
637
638
639
642
643
644
645
646
647
649
654
656
657
697
703
704
705
707
708
718
721
726
727
729
730
743
754
756
757
758
761
762
765
766
767
768
769
770
771
772
773
774
779
780
781
782
783
785
802
804
842
843
844
845
846
847
848
849
851
852
853
854
855
856
857
858
860
861
862
864
865
913
914
915
916
920
921
922
923
924
925
926
927
928
929
930
931
932
933
934
935
936
937
938
939
940
941
942
943
944
945
946
948
949
950
951
952
953
954
955
956
957
958
959
960
961
962
963
964
985
986
778A
779A
A01
A36
BOL
C02
C03
C04
C05
C06
C07
C08
C10
C11
C12
C15
C16
C17
C18
D32
D35
D36
D37
D38
D39
D40
D41
H140
H150
H158
H167A
S125
S144A
242
245
246
247
248
249
250
253
254
255
257
258
259
260
261
262
263
266
292
293
294
295
296
297
298
299
300
305
306
307
308
314
317
319
320
321
322
323
324
325
329
331
383
384
385
417
418
419
420
421
422
423
424
425
426
427
428
436
438
439
444
448
449
454
455
460
461
462
463
464
470
471
472
473
474
475
476
477
683
690
691
692
700
875
876
878
884
885
886
887
895
896
897
900
906
908
961
962
972
973
974
977
978
979
980
987
993
994
995
996
997
998
999
D04
D05
D07
D08
D09
D10
D11
D13
D14
D15
D17
D18
1
11
16
17
32
34
44
49
57
59
60
62
63
65
79
80
81
83
84
87
88
89
90
92
95
99
104
106
107
111
116
117
121
134
135
136
139
155
160
163
164
165
166
167
169
170
171
342
343
344
345
346
347
348
349
350
352
353
468
479
480
481
482
483
484
485
486
487
488
489
490
491
492
493
494
496
498
499
500
501
502
503
508
509
510
511
512
513
514
515
516
517
518
519
520
521
522
523
524
525
526
527
528
529
530
531
532
533
534
536
538
539
540
541
543
545
547
548
549
554
575
576
577
578
579
580
581
582
584
585
586
587
588
589
590
591
592
593
594
595
596
597
598
599
600
601
602
603
604
605
606
607
608
609
610
611
613
614
615
616
617
618
620
621
622
623
624
626
628
629
630
631
632
633
634
635
636
637
638
639
640
641
642
643
644
645
646
647
649
650
651
653
654
655
656
657
658
661
707
708
718
721
726
727
729
730
731
734
743
754
756
757
758
766
767
768
770
774
781
783
785
789
790
791
799
800
801
802
803
804
829
832
841
842
843
844
845
846
847
848
849
850
851
852
853
894
913
914
915
916
917
918
919
920
921
922
923
924
925
926
927
928
929
930
931
932
933
934
935
936
937
938
939
940
941
942
943
944
945
946
947
948
949
950
951
952
953
954
955
956
957
958
959
960
962
778A
779A
A01
A36
A85
A94
BOL
C02
C03
C04
C05
C06
C07
C08
C10
C11
C12
C15
C16
C17
C18
D36
D37
D38
D39
D40
E01
H150
H158
S144A
104
195
216
219
242
243
244
245
246
247
252
253
254
255
256
257
258
259
260
261
262
263
266
280
290
292
293
294
295
296
297
298
299
300
316
317
319
320
322
323
324
325
329
331
332
333
334
335
336
341
383
384
385
386
387
388
389
416
417
418
420
421
422
423
424
425
426
427
428
436
437
438
439
444
448
449
454
455
460
461
462
471
473
474
475
476
477
677
678
680
682
683
684
686
687
688
689
690
691
692
695
700
875
876
878
895
896
897
899
900
905
906
907
908
961
962
963
964
966
969
971
972
973
974
977
978
979
980
987
993
994
995
996
997
999
334A
D02
D03
D04
D05
D06
D07
D08
D09
D10
D11
D13
D14
D15
D17
D18
VAN
219
235
245
246
247
248
249
250
251
252
253
254
255
256
257
258
259
260
261
263
266
292
293
294
295
296
297
298
299
300
316
317
319
320
321
322
323
324
329
331
332
333
334
336
340
341
359
360
371
372
373
374
376
377
378
379
380
381
382
384
385
387
388
389
390
391
393
394
395
396
397
398
399
403
404
405
414
415
416
417
418
419
421
422
423
424
425
426
427
428
436
437
438
439
444
448
449
454
455
460
461
462
463
464
465
466
467
468
469
470
471
472
473
474
475
477
478
667
668
669
672
673
675
676
677
678
679
680
681
682
683
684
685
686
687
688
689
690
691
692
693
694
695
697
700
702
703
762
763
765
865
875
876
878
881
882
883
884
885
886
887
888
891
895
896
897
900
901
902
906
907
908
909
910
961
962
963
964
966
969
971
972
973
974
977
978
979
980
983
984
985
986
987
988
989
991
993
994
995
996
997
998
999
334A
701A
BILL
D01
D02
D03
D04
D05
D07
D08
D09
D10
D11
D13
D14
D15
D17
D18
D20
D21
D22
D23
D25
D26
D27
D28
D29
D33
D34
H010B
H015
H020
H022
H050
H055
H060
H065
H070
H075
H080
H085
H090
H095
H-4K5
S030
S035
S040
S045
S050
S055
S060
S065
S070
S075
S080
S085
S090
S095
S100
S105
SL4
SL7
SLBN2
158
195
219
242
243
244
245
246
247
248
249
250
252
253
254
255
256
257
258
259
260
261
262
263
266
280
290
292
293
294
295
296
297
298
299
300
316
317
319
320
321
322
323
324
325
329
330
331
332
333
334
335
336
340
341
356
357
358
359
367
369
370
372
375
376
377
378
379
380
381
382
383
384
385
386
387
388
389
390
391
393
397
414
415
416
417
418
419
420
421
422
423
424
425
426
427
428
436
437
438
439
444
448
449
454
455
460
461
462
463
464
465
466
467
468
469
470
471
472
473
474
475
476
477
478
667
668
669
670
671
672
673
675
676
677
678
679
680
681
682
683
684
685
686
687
688
689
690
691
692
693
694
695
696
697
700
756
762
763
868
869
870
871
872
875
876
877
878
879
880
881
882
883
884
885
886
887
888
889
891
895
896
897
900
901
902
906
907
908
961
962
963
964
966
969
971
972
973
974
977
978
979
980
983
984
987
993
994
995
996
997
998
334A
701A
BILL
D01
D02
D03
D04
D07
D08
D09
D10
D11
D13
D14
D15
D17
D18
D20
D21
D22
D23
D25
D26
D27
D28
D33
H010A
H010B
H015
H020
H022
H050
H055
H060
H-4K5
S002
S030
SL4
SL7
SLBN1
SLBN2
STN
33
35
36
37
38
39
40
43
44
45
46
47
48
49
50
51
52
53
54
55
56
57
58
59
60
61
62
63
64
65
66
67
68
69
70
71
72
79
80
81
82
83
84
85
87
88
89
90
91
92
93
94
95
99
100
104
105
106
107
108
109
110
111
112
113
114
115
116
117
118
119
120
121
122
123
124
125
126
127
128
129
130
131
132
133
134
135
136
137
138
139
140
141
142
143
144
145
146
147
148
149
150
151
152
153
154
155
156
157
158
159
160
161
162
163
164
165
166
167
168
169
170
171
172
173
174
175
176
177
178
179
180
183
184
191
195
198
199
203
209
210
211
212
213
214
215
216
217
218
219
220
221
222
223
224
231
233
234
235
236
242
243
244
245
246
247
248
249
250
251
252
253
254
255
256
258
259
260
261
262
263
266
280
290
292
293
294
295
296
297
298
299
300
301
302
303
304
309
310
311
314
316
317
319
320
322
323
324
325
329
330
331
332
333
334
335
336
339
340
341
342
343
344
345
346
347
348
349
350
351
352
353
354
355
356
357
358
359
360
362
365
366
367
369
370
371
372
373
374
375
376
377
378
379
380
381
382
383
384
385
386
387
388
389
390
391
392
393
394
395
396
397
398
399
400
401
402
403
404
405
406
407
408
409
410
411
412
413
414
415
416
417
418
419
420
421
422
423
424
425
426
427
428
429
430
431
432
433
434
436
437
438
439
444
449
454
455
460
461
462
463
464
465
466
467
468
469
470
471
472
473
474
475
476
477
478
479
480
481
482
483
484
485
488
490
491
492
493
494
495
496
497
498
499
500
502
503
504
505
506
507
508
509
510
511
512
513
514
515
516
517
519
520
521
522
523
524
525
526
527
528
530
531
532
533
534
536
538
543
544
545
546
547
548
549
550
551
552
553
554
555
556
557
558
559
560
561
562
563
564
565
566
567
568
569
570
578
580
667
668
670
671
672
673
675
676
677
678
679
680
681
682
683
684
685
686
687
688
689
690
691
692
693
694
695
696
697
699
700
701
702
703
704
705
706
707
708
721
876
878
888
889
701A
A2
B2
B3
B4
B5
B6
B7
B8
B9
B91
B92
B93
BOL
C2
C3
C4
C5
C6
D2
E3
E5
EYJOST
F1
F2
F3
F4
F5
F6
F8
M1
STN
T000
T006
T006A
T010
T016
T020
T030
T037
T042
T042A
T042B
T042C
T042D
T042E
T042F
T049
T050
T060
T070
T080
T090
T091
T100
T110
T115
T116
T120
T129
T130
T138
T138A
T139
T140
T150
T151
T160
T167
T168
T170
T180
T190
T195
T195A
T195B
T199
T200
T200A
T202
T207
T210
T217
T220
T220A
T230
T230A
T233
T234
T236
T236A
T236B
T240
T240A
T240B
T240C
T246
T250
T260
T270
T280
T290
T300
T300A
T310
T320
T330
T330A
T340
T348
T350
T351
T354
T356
TGHB
1
11
16
17
32
34
44
45
49
50
57
59
60
62
63
65
79
80
81
83
84
87
88
89
92
99
104
106
107
111
116
117
118
121
122
123
124
125
126
127
128
130
131
132
133
134
135
136
139
143
144
145
154
169
170
171
342
343
344
345
346
347
349
350
351
352
353
354
355
356
357
358
359
365
369
372
373
397
398
399
400
401
402
403
404
405
406
407
408
409
410
411
412
413
479
480
481
482
483
484
485
487
488
489
490
491
492
493
494
495
496
497
498
499
500
501
502
503
508
509
510
511
512
513
514
515
516
517
518
519
520
522
523
524
525
526
527
528
529
530
531
532
533
534
536
538
539
540
541
543
545
548
551
553
554
560
564
566
571
573
574
575
576
577
578
579
580
581
582
584
586
587
589
591
592
593
594
596
597
599
601
602
605
606
608
610
613
614
615
618
620
625
628
629
630
631
632
633
634
635
636
637
638
639
640
642
643
644
645
646
647
649
651
653
654
655
656
657
658
659
660
661
662
666
667
707
708
709
710
711
712
713
714
716
717
718
720
721
722
723
726
727
728
729
730
731
732
733
734
735
736
737
738
739
740
741
742
743
744
745
746
747
748
749
750
751
752
753
754
755
756
767
768
770
771
772
773
774
777
778
779
780
781
782
783
785
786
789
791
800
801
802
803
804
805
807
808
809
810
811
812
813
814
815
816
817
818
819
820
821
822
823
824
828
829
830
831
832
833
834
835
836
837
838
839
841
843
844
845
846
847
848
849
850
851
852
894
913
914
915
916
917
918
919
920
921
922
923
924
925
926
927
928
929
930
931
932
933
934
935
936
937
938
939
940
941
942
943
944
945
946
947
948
949
950
951
952
953
954
955
956
957
958
959
960
778A
779A
A01
A02
A03
A04
A05
A06
A07
A08
A09
A10
A11
A12
A13
A14
A15
A16
A17
A18
A19
A20
A21
A22
A23
A24
A25
A26
A27
A28
A29
A30
A31
A32
A33
A34
A35
A36
A37
A38
A39
A40
A41
A42
A43
A44
A45
A46
A47
A48
A49
A50
A51
A52
A53
A54
A56
A57
A58
A59
A60
A61
A62
A63
A64
A65
A66
A67
A68
A69
A70
A71
A72
A73
A74
A75
A76
A77
A78
A79
A80
A81
A82
A83
A84
A85
A86
A87
A93
A94
A95
A96
A98
A99
B01
B02
B03
B04
B05
B06
B07
B08
B09
B11
BOL
C02
C03
C04
C05
C06
C07
C08
C10
C11
C12
C15
C16
C17
C18
D36
D37
D39
D40
D41
E01
GRO
H138A
H145
H150
H158
H167A
S144A
S152A
59
104
134
135
136
158
160
169
178
180
183
184
191
195
198
199
203
209
210
214
219
220
221
222
223
231
233
234
235
242
243
244
245
246
247
248
249
250
251
252
253
254
255
256
257
258
259
260
261
262
263
266
280
290
292
293
294
295
296
297
298
299
300
312
313
314
317
319
320
321
322
323
324
325
329
331
332
333
334
335
336
340
341
356
357
358
367
369
370
371
372
373
374
375
376
377
378
380
381
382
383
384
385
386
387
388
389
390
391
393
394
395
396
397
414
415
416
417
418
419
420
421
422
423
424
425
426
427
428
436
437
438
439
444
448
449
454
455
460
461
462
463
464
465
466
467
468
469
470
471
472
473
474
475
476
477
478
667
668
669
670
671
672
673
674
675
676
677
678
679
680
681
682
683
684
685
686
687
688
689
690
691
692
693
694
695
697
699
700
701
702
703
704
705
707
754
756
757
758
761
762
763
764
765
854
856
857
858
859
860
861
862
863
864
865
866
868
869
870
871
872
874
875
876
877
878
879
880
881
882
883
884
885
886
887
888
889
890
895
896
897
898
899
900
901
902
905
906
907
908
909
912
960
961
962
963
964
966
969
971
972
973
974
975
976
977
978
979
980
981
982
983
984
985
986
987
988
989
990
991
992
993
994
995
996
997
998
999
334A
701A
BILL
D01
D02
D03
D04
D05
D06
D07
D08
D09
D10
D11
D12
D13
D14
D15
D16
D17
D18
D19
D20
D21
D22
D23
D24
D25
D26
D27
D28
D29
D32
D33
D34
D35
D41
H010A
H010B
H015
H020
H022
H045
H050
H055
H060
H065
H070
H075
H080
H085
H090
H095
H100
H105
H110
H115
H120
H125
H140
H150
H158
H167A
H-4K5
S002
S030
S035
S040
S045
S050
S055
S060
S065
S070
S075
S080
S085
S090
S095
S100
S105
S125
S144A
S152A
SL4
SL6
SL7
SLBN1
SLBN2
V13
1
11
16
17
45
49
57
59
60
61
62
63
65
80
81
83
84
85
87
88
89
90
92
93
95
99
104
106
115
116
117
118
119
121
122
123
124
125
126
127
128
132
134
135
136
138
139
141
142
143
144
145
146
147
148
149
150
151
152
154
155
156
157
158
159
160
161
162
163
164
165
166
167
168
169
170
171
172
173
174
179
180
195
210
214
219
231
234
235
242
243
244
245
246
248
252
253
254
255
259
260
261
262
263
280
292
293
297
298
300
319
320
321
322
323
324
331
333
334
340
341
343
344
345
346
349
350
351
352
354
355
356
357
358
359
360
362
367
369
370
371
372
373
374
375
376
377
378
379
380
381
382
383
384
385
389
393
394
395
396
397
398
401
402
404
405
406
414
415
416
420
421
422
423
424
425
426
427
428
439
444
448
449
454
455
460
461
462
467
471
473
476
478
482
483
484
486
488
489
490
491
492
494
495
496
497
498
499
500
501
502
503
511
514
515
516
520
521
523
524
525
531
533
534
536
538
539
540
541
542
543
548
549
550
551
552
553
554
555
560
561
563
571
572
575
576
577
578
579
580
581
582
583
584
585
586
587
591
592
593
594
595
596
597
598
599
600
601
602
604
605
606
608
609
610
611
613
614
615
618
619
620
621
623
624
625
626
628
633
634
635
636
637
638
639
640
641
642
644
646
647
649
654
655
656
658
659
660
662
666
667
668
669
670
671
672
673
675
676
677
678
679
680
682
683
684
685
686
687
688
689
690
691
692
695
697
699
700
701
702
703
704
705
707
708
709
712
718
721
726
727
729
743
748
749
750
751
752
754
756
757
758
761
762
763
764
765
766
767
768
771
772
773
774
777
778
779
780
781
782
783
785
789
800
801
802
803
804
805
807
808
809
811
812
813
814
815
817
818
819
820
821
822
828
829
830
831
832
833
834
836
842
843
844
845
846
847
848
849
850
851
852
853
854
855
856
857
858
859
860
861
862
863
864
865
868
869
870
871
872
874
875
876
877
878
879
880
881
884
885
886
887
888
889
890
891
892
893
894
895
896
897
900
901
902
907
908
909
910
911
912
913
914
915
916
917
918
919
920
921
922
923
924
925
926
927
929
930
931
932
933
934
935
936
937
942
943
944
945
946
948
949
950
951
952
953
954
955
956
957
959
960
961
962
963
964
966
973
974
977
978
979
980
983
984
985
986
987
988
989
993
994
995
996
997
998
999
334A
701A
A01
A36
B07
BILL
BOL
C02
C03
C06
C10
C12
C18
D02
D03
D04
D07
D08
D09
D13
D14
D15
D17
D18
D23
D25
D26
D27
D28
D29
D32
D34
D35
D36
D41
H010A
H010B
H015
H020
H022
H045
H050
H055
H060
H065
H070
H075
H080
H085
H090
H095
H100
H105
H110
H115
H120
H125
H127
H130
H133
H138A
H140
H158
H167A
H-4K5
S002
S030
S035
S040
S045
S050
S055
S060
S065
S070
S075
S080
S085
S090
S095
S100
S105
S110
S112
S115
S117
S120
S122A
S125
S144A
S152A
SL4
SLBN1
SLBN2
V13
163
166
175
177
178
179
180
183
184
191
195
198
199
209
216
217
219
220
221
222
223
224
225
226
227
228
231
235
236
242
243
244
245
246
260
261
262
263
266
280
290
293
414
415
416
424
439
444
448
449
454
455
460
461
462
463
466
467
468
469
470
471
472
597
695
696
697
699
700
701
702
703
704
705
756
757
761
762
763
765
766
845
846
851
853
854
855
856
857
858
860
861
862
864
865
867
868
869
870
875
876
878
961
962
963
964
966
967
968
969
970
972
974
977
978
979
980
982
983
984
985
986
987
988
989
990
991
992
993
994
995
996
997
998
999
701A
BILL
D02
D03
D04
D07
D08
D09
D10
D20
D21
D22
D23
D24
D25
D26
D27
D28
D29
D30
D32
D33
D34
D35
D38
1
11
16
17
32
34
121
134
135
343
344
346
501
502
511
515
520
539
554
575
576
577
579
589
591
592
593
594
596
599
601
602
608
610
613
614
615
618
620
630
633
634
635
636
637
638
639
640
642
643
644
645
646
647
649
654
656
658
661
718
721
726
727
729
730
731
734
781
783
785
799
800
802
828
829
894
778A
779A
A01
A36
A85
A94
BOL
C02
C03
C04
C05
C06
C07
C08
C11
C12
C15
C16
C17
C18
D39
D40
E01
GRO
1
11
57
59
60
62
63
65
79
80
81
83
84
87
88
89
90
92
95
99
104
106
107
111
116
134
155
160
163
164
165
166
167
169
170
171
178
180
183
195
414
448
467
486
488
489
490
491
492
493
494
496
498
500
501
502
503
508
510
511
513
515
516
520
522
523
524
525
526
539
541
575
576
577
578
579
580
582
584
585
586
587
588
589
590
591
592
593
594
595
596
597
598
599
600
601
602
603
604
605
606
607
608
609
610
611
613
614
615
616
617
618
619
620
621
622
624
625
630
633
634
635
636
637
638
639
640
641
642
643
644
645
646
647
649
654
656
695
697
703
704
705
707
708
718
721
743
756
758
761
762
765
766
767
768
770
774
781
783
785
800
802
841
842
843
844
845
846
847
848
851
853
854
855
856
858
913
914
915
930
931
932
933
935
936
937
938
939
940
941
942
943
944
945
946
948
949
950
951
952
953
954
955
956
957
958
959
961
962
963
985
987
778A
779A
A36
C02
C03
C04
C05
C06
C07
C08
C10
C11
C12
C15
C16
C17
C18
D01
D32
D35
D36
D37
D38
D39
D40
1
59
60
62
63
65
80
81
83
84
87
89
90
92
99
106
107
111
116
164
165
166
169
170
171
177
178
180
195
219
235
245
246
266
293
297
414
415
416
424
425
426
439
444
448
449
454
455
460
461
462
471
473
502
511
582
585
586
587
589
591
593
594
596
599
601
602
605
606
608
610
613
614
615
618
620
630
633
634
635
636
637
638
639
640
642
643
644
645
646
647
649
690
691
695
697
700
702
703
704
705
707
708
718
721
756
762
763
765
766
767
768
770
842
843
844
845
846
847
848
851
853
854
855
856
857
858
860
861
862
864
865
868
869
870
875
876
878
895
896
897
900
908
935
936
937
938
939
940
941
942
943
944
945
946
948
949
950
951
952
953
954
955
956
957
958
959
960
961
962
963
964
966
969
974
977
978
979
980
983
984
985
986
987
988
989
991
993
994
995
996
997
998
999
701A
C02
C03
C04
C05
C06
C07
C08
C10
C11
C12
C15
C16
C17
C18
D01
D02
D03
D04
D05
D07
D08
D09
D10
D11
D14
D15
D17
D18
D23
D25
D26
D27
D28
D29
D32
D33
D34
D35
D36
D37
D38
H150
S144A
680
726
728
876
877
878
879
880
888
B94
1
11
16
17
32
34
49
57
59
60
62
63
65
80
81
83
84
87
89
90
92
99
106
107
111
116
121
132
134
135
136
160
163
164
165
166
167
169
170
171
177
178
180
219
235
245
246
266
293
297
319
331
334
343
344
346
351
357
367
385
389
393
394
395
396
398
414
415
416
424
426
427
428
444
448
462
471
473
477
488
501
502
511
515
520
539
541
554
575
576
577
578
579
580
582
584
585
586
587
589
591
592
593
594
596
599
601
602
605
606
608
610
613
614
615
618
620
630
639
640
642
643
644
645
646
647
649
654
656
658
661
666
667
669
670
673
675
676
677
678
680
682
683
684
686
687
688
690
691
695
697
700
702
703
704
705
707
708
718
721
726
727
729
730
731
734
743
751
753
754
756
757
758
761
762
763
765
766
767
768
770
774
781
783
785
791
799
800
802
828
829
842
843
844
845
846
847
848
851
853
854
855
856
857
862
864
865
868
869
870
875
876
878
888
894
900
901
902
905
906
907
908
909
910
911
912
913
914
915
916
917
918
919
920
921
922
923
924
925
926
927
928
929
930
931
932
933
934
936
937
938
939
940
941
942
943
944
945
946
951
952
953
954
955
956
957
958
959
960
961
962
963
964
966
969
971
972
973
974
977
978
979
980
983
984
985
986
987
988
989
991
993
994
995
996
997
998
999
334A
701A
778A
779A
A01
A36
A85
A94
BILL
BOL
C02
C03
C04
C05
C06
C07
C08
C10
C11
C12
C15
C16
C17
C18
D01
D02
D03
D04
D05
D07
D08
D09
D10
D11
D13
D14
D15
D17
D18
D23
D25
D26
D27
D28
D29
D30
D32
D33
D34
D35
D36
D37
D38
D39
D40
D41
E01
H010A
H010B
H015
H020
H022
H045
H050
H055
H060
H065
H070
H075
H080
H085
H090
H095
H100
H105
H110
H115
H120
H125
H138A
H140
H145
H150
H158
H167A
H-4K5
S002
S030
S035
S040
S045
S050
S055
S060
S065
S070
S075
S080
S085
S090
S095
S100
S105
S110
S112
S117
S120
S122A
S125
S144A
S152A
SL4
SL6
SL7
SLBN1
SLBN2
V13
104
183
216
219
233
235
242
243
244
245
246
247
248
249
250
253
254
255
257
258
259
260
261
262
263
266
280
290
292
293
294
295
296
297
298
299
300
316
317
319
320
321
322
323
324
329
331
414
415
416
417
418
419
420
421
422
423
424
425
426
427
428
436
437
438
439
443
444
445
446
448
449
454
455
457
460
461
462
463
464
465
466
467
468
469
470
471
472
473
474
475
476
477
678
680
682
683
684
685
686
687
688
689
690
691
692
693
694
695
696
697
699
700
701
702
703
704
705
765
864
865
869
875
876
877
878
879
880
884
885
886
887
895
896
897
900
906
907
908
962
973
974
975
977
978
979
980
981
982
983
984
985
986
987
988
989
990
991
992
993
994
995
996
997
998
999
701A
D01
D02
D03
D04
D05
D06
D07
D08
D09
D10
D11
D12
D13
D14
D15
D16
D17
D18
D19
D20
D21
D22
D23
D24
D25
D26
D27
D28
D34
57
59
62
63
65
79
80
81
83
84
87
88
89
90
92
93
95
96
97
98
99
100
104
105
106
107
108
109
110
111
112
113
115
116
117
118
155
158
160
163
164
165
166
167
168
169
170
171
172
173
174
175
176
177
178
179
180
183
184
191
195
210
211
216
242
406
448
491
492
493
494
495
496
497
498
499
500
501
502
508
509
510
511
513
515
521
522
523
524
525
526
527
529
538
539
540
541
548
577
580
585
586
587
589
591
592
593
594
596
597
599
601
602
610
613
614
633
634
635
636
637
638
639
640
642
643
644
645
646
647
649
697
702
703
704
705
706
707
708
754
756
757
758
761
764
765
766
767
768
769
770
771
772
781
783
785
841
842
843
844
845
846
847
848
849
851
852
853
854
855
856
857
858
860
935
936
937
938
939
940
941
942
943
944
945
946
948
949
950
951
952
953
954
955
956
957
958
959
961
962
985
986
701A
779A
C03
C04
C05
C06
C07
C08
C11
C12
C18
D01
D29
D32
D35
D36
D37
D38
D40
H150
H158
44
45
46
47
49
50
51
52
53
54
55
56
57
58
59
60
61
62
63
64
65
66
67
68
69
70
71
72
79
80
83
84
85
87
88
89
90
91
92
93
95
99
100
104
105
106
107
110
111
112
115
116
117
118
119
121
122
123
124
125
126
127
128
129
130
131
132
133
134
135
138
139
141
142
143
144
145
146
147
148
149
150
151
152
154
155
156
157
158
159
160
161
162
163
164
165
166
167
168
169
170
171
172
173
174
176
177
178
179
180
183
184
191
195
198
199
203
209
210
211
212
213
214
215
216
219
220
221
222
223
224
231
233
234
235
236
242
243
244
245
246
247
248
249
250
251
252
253
254
255
256
257
258
259
260
261
262
263
280
290
292
293
294
297
298
299
300
316
317
319
320
321
322
323
324
325
329
331
332
333
334
335
336
339
340
341
342
343
344
345
346
347
348
349
350
351
352
353
354
355
356
357
358
359
360
362
365
367
369
370
371
372
373
374
375
376
377
378
379
380
381
382
383
384
385
386
387
388
389
390
391
393
394
395
396
397
398
399
400
401
402
403
404
405
406
407
408
409
410
411
412
413
414
415
416
417
418
419
420
421
422
423
424
425
426
427
428
436
437
438
439
444
449
454
455
460
461
462
463
464
465
466
467
468
469
470
471
472
473
474
475
476
477
478
479
480
481
482
483
484
485
486
487
488
489
490
491
492
493
494
495
496
497
498
499
500
501
502
503
504
505
506
507
509
515
516
517
523
524
525
526
527
528
530
531
532
533
534
536
539
540
541
542
543
544
545
549
550
551
552
553
554
560
561
562
563
564
565
566
567
568
569
570
571
572
577
582
586
592
594
595
596
625
656
658
659
660
661
662
665
666
667
668
669
670
671
672
673
674
675
676
677
678
679
680
681
682
683
684
685
686
687
688
689
690
691
692
693
694
695
696
697
699
700
701
702
703
704
705
707
708
709
734
743
748
749
750
751
752
753
754
756
757
758
759
761
762
763
764
766
767
768
769
771
772
773
778
779
785
804
805
807
808
809
811
812
813
814
815
817
818
819
820
821
822
823
824
828
829
830
831
832
834
835
836
846
857
858
863
864
865
866
868
869
870
871
872
874
875
876
877
878
879
881
882
883
884
885
886
887
888
889
890
891
892
893
894
895
896
897
900
901
902
905
907
908
909
910
911
912
960
961
962
334A
339A
701A
B07
B08
BILL
BOL
D07
D08
D09
D10
D13
D14
D15
D16
D17
D18
D19
D23
D25
D26
D27
D28
D29
D33
D34
D35
D41
E01
H010A
H010B
H015
H020
H022
H045
H050
H055
H060
H065
H070
H075
H080
H085
H090
H095
H100
H105
H110
H115
H120
H125
H127
H138A
H140
H145
H150
H158
H167A
H-4K5
HFN1
S002
S030
S035
S040
S045
S050
S055
S060
S065
S070
S075
S080
S085
S090
S095
S100
S105
S122A
S125
S144A
S152A
SL4
SL51
SL6
SL7
SLBN1
SLBN2
STN
V13
62
63
65
80
81
83
84
87
89
90
92
99
106
160
163
164
165
166
169
170
171
177
178
180
195
219
235
245
246
266
414
415
416
448
461
471
695
697
700
702
703
704
705
707
708
756
757
758
761
762
763
765
766
767
842
843
844
845
846
847
848
851
853
854
855
856
857
858
860
861
862
864
865
868
869
870
875
876
960
961
962
963
964
966
969
974
977
978
979
980
983
984
985
986
987
988
989
991
993
994
995
996
997
998
999
701A
BILL
D01
D02
D07
D08
D09
D23
D25
D26
D27
D28
D29
D32
D33
D34
D35
D36
D37
D38
H138A
H140
H145
S144A
1
57
59
60
62
63
65
79
80
81
83
84
87
88
89
90
92
95
99
106
107
111
116
117
118
134
155
160
163
164
165
166
167
169
170
171
180
183
416
467
488
491
492
494
495
496
497
498
499
500
501
502
503
509
510
511
513
515
516
520
521
522
523
524
525
526
527
528
529
538
539
541
575
576
577
578
579
580
581
582
583
584
585
586
587
588
589
590
591
592
593
594
595
596
597
598
599
600
601
602
603
604
605
606
607
608
609
610
611
613
614
615
616
617
618
619
620
621
622
624
625
626
628
629
630
633
634
635
636
637
638
639
640
641
642
643
644
645
646
647
649
654
655
656
657
697
704
705
707
708
718
743
756
758
765
766
767
768
770
781
783
785
786
802
841
842
845
846
847
848
851
853
854
855
856
858
913
914
930
931
932
933
935
936
937
938
939
940
941
942
943
944
945
946
947
948
949
950
951
952
953
954
955
956
957
958
959
961
962
963
985
986
778A
779A
A36
C02
C03
C04
C05
C06
C07
C08
C10
C11
C12
C15
C16
C17
C18
D32
D36
D37
D38
D39
D40
H158
121
132
134
135
343
344
346
351
357
367
398
511
515
520
539
554
575
576
577
579
630
649
654
656
658
661
666
667
751
753
781
800
802
828
829
894
778A
A01
BOL
C02
C03
C12
D39
D40
D41
E01
GRO
H167A
S152A
177
245
246
263
266
293
294
297
298
299
300
316
319
320
321
322
323
324
325
329
331
332
333
334
336
340
341
351
354
355
356
357
358
359
360
362
365
367
369
370
371
372
373
374
375
376
377
378
379
380
381
382
383
384
385
386
387
388
389
390
391
393
394
395
396
397
398
399
403
416
417
418
420
421
422
423
424
425
426
427
428
436
437
438
439
444
449
454
460
473
475
476
477
478
666
667
668
669
670
671
672
673
674
675
676
677
678
679
680
682
683
684
685
686
687
688
689
690
691
692
694
756
762
823
876
878
881
882
883
884
885
886
887
888
889
890
891
892
893
894
895
896
897
900
901
902
907
908
909
910
911
912
960
962
963
964
966
969
971
972
973
974
977
978
979
980
334A
339A
D07
D08
D09
D10
D11
D13
D14
D15
D17
D18
H010A
H010B
H015
H020
H022
H045
H050
H055
H060
H065
H070
H075
H080
H085
H090
H095
H100
H105
H110
H115
H150
H158
H-4K5
HFN1
S002
S030
S035
S040
S045
S050
S055
S060
S065
S070
S075
S080
S085
S090
S095
S100
S105
S144A
SL4
SL51
SL6
SL7
SLBN1
SLBN2
STN
V13
158
163
166
175
177
178
180
183
184
191
195
203
210
211
213
214
215
216
219
220
221
222
223
224
228
229
230
231
232
233
234
235
236
242
243
244
245
260
261
262
263
266
280
290
292
293
294
297
319
414
415
416
420
421
422
423
424
436
439
444
448
449
454
455
460
461
462
463
464
465
466
467
468
469
470
471
472
695
696
697
699
700
701
702
703
704
705
756
757
758
761
762
763
764
765
766
845
847
848
851
853
854
855
856
857
858
859
860
861
862
863
864
865
866
867
868
869
870
871
872
873
874
875
876
877
878
879
962
963
964
966
974
977
978
979
980
982
983
984
985
986
987
988
989
990
991
992
993
994
995
996
997
998
999
701A
BILL
D01
D02
D03
D04
D07
D08
D09
D10
D20
D21
D22
D23
D24
D25
D26
D27
D28
D29
D30
D32
D33
D34
D35
D38
57
59
62
63
65
80
81
83
84
87
88
89
90
92
99
104
106
111
116
117
134
135
155
157
158
159
160
161
162
163
164
165
166
167
168
169
170
171
172
173
174
175
176
177
178
179
180
184
191
192
193
194
195
198
199
203
209
210
211
212
213
214
215
216
217
218
219
220
221
222
223
224
231
233
234
235
236
242
243
244
245
246
253
254
260
263
266
280
290
292
293
294
295
298
299
319
320
322
414
415
416
417
418
419
422
423
425
427
436
438
439
444
448
449
454
455
460
461
462
463
464
466
467
468
469
470
471
472
477
501
502
538
693
694
695
696
697
699
700
701
702
703
704
705
706
707
708
754
756
757
758
759
761
762
763
764
765
766
767
768
769
770
842
843
844
845
846
847
848
849
850
851
852
853
854
855
856
857
858
859
860
861
863
864
865
866
867
868
869
870
871
872
874
875
876
877
878
879
935
960
961
962
964
966
969
974
977
978
979
980
983
984
985
986
987
988
989
991
993
994
995
996
997
998
999
701A
BILL
D01
D02
D07
D08
D09
D23
D25
D26
D27
D28
D29
D32
D33
D34
D35
D36
D37
D38
D41
H145
H150
H158
H167A
S144A
S152A
45
49
59
79
80
95
116
121
139
155
260
292
293
294
297
298
299
323
325
329
331
332
333
334
336
340
341
342
343
344
345
346
347
348
349
350
351
352
353
354
355
356
357
358
359
360
362
365
367
369
370
371
372
373
374
375
376
377
378
379
380
381
382
383
384
385
386
387
388
389
390
391
393
394
395
396
397
398
399
400
401
402
403
404
416
418
419
420
421
422
423
424
425
426
427
428
436
444
449
475
476
477
478
479
480
481
482
483
484
485
486
487
488
489
490
491
492
494
496
498
500
501
502
515
516
517
518
523
526
528
529
538
541
546
547
548
550
551
552
553
554
555
556
557
558
559
560
564
566
567
568
569
571
573
659
660
661
665
666
667
668
670
671
672
673
674
675
676
677
678
679
680
708
756
B07
BOL
STN
1
11
79
80
81
83
84
87
89
90
92
95
99
106
107
111
116
163
164
165
166
167
169
170
171
183
242
501
502
503
508
511
515
520
522
523
524
526
529
538
539
575
578
579
580
582
584
585
586
587
589
591
592
593
594
595
596
599
601
602
604
605
606
607
608
609
610
611
613
614
615
616
617
618
619
620
621
622
624
625
626
630
633
634
635
636
637
638
639
640
641
642
643
644
645
646
647
649
654
656
707
708
718
721
726
767
781
783
785
791
800
802
842
843
844
845
846
847
848
851
853
854
935
936
937
938
939
940
941
942
943
944
945
946
947
948
949
950
951
952
953
954
955
956
957
958
959
779A
A01
A36
C02
C03
C04
C05
C06
C07
C08
C09
C10
C11
C12
C15
C16
C17
C18
D36
D37
D38
D39
D40
1
2
3
4
5
7
8
9
10
11
12
13
14
15
16
17
18
24
25
26
27
28
29
30
31
32
33
35
45
49
50
51
52
53
54
55
56
57
58
59
60
61
62
63
65
70
71
72
79
80
81
83
84
95
99
100
104
105
106
108
109
110
111
112
113
114
115
116
117
118
119
121
122
123
124
134
135
136
139
141
142
143
144
145
149
150
155
173
179
342
343
344
346
351
352
353
354
355
357
367
398
406
407
408
409
479
480
481
482
483
484
485
486
487
488
489
490
491
492
493
494
495
496
497
498
499
500
501
502
503
504
505
506
507
508
509
510
511
512
513
514
515
516
517
518
519
520
521
522
523
524
525
526
527
528
529
530
531
532
533
534
536
538
539
540
541
542
546
548
549
550
551
554
560
561
562
563
564
565
566
567
568
569
570
571
572
573
574
575
576
577
578
579
580
581
582
583
584
585
586
587
589
591
592
593
594
596
597
598
599
601
604
605
606
607
608
610
611
613
614
615
618
620
622
623
624
625
628
629
630
633
635
636
637
638
639
640
642
643
644
645
646
647
649
650
651
653
654
656
657
658
659
660
661
666
667
708
709
712
713
714
715
716
717
718
719
720
721
722
725
726
727
728
729
730
731
732
733
736
737
738
739
740
741
743
754
770
774
781
785
809
828
829
841
894
913
914
915
916
920
921
922
923
924
929
930
931
932
933
934
935
936
937
942
943
944
945
946
948
951
952
954
955
956
957
958
959
960
13B
1B
31B
778A
9B
A01
A36
A56
B07
B08
BOL
C02
C03
C06
C10
C12
C15
C16
C17
C18
D39
D40
E01
GRO
H150
H158
S144A
1
11
16
17
34
45
49
57
59
60
62
63
65
79
80
81
83
84
87
89
90
92
95
99
106
107
111
116
117
121
134
135
136
139
141
155
160
163
164
165
166
167
169
170
171
177
178
183
219
242
336
342
343
344
345
346
347
349
350
351
352
353
354
355
356
357
358
359
360
362
365
367
369
370
371
372
373
374
375
376
377
378
379
380
383
389
393
394
395
396
397
398
399
400
401
403
404
405
406
407
408
409
410
411
412
413
478
479
480
481
482
483
484
485
486
487
488
489
490
491
492
493
494
496
498
500
501
502
503
508
510
511
512
513
514
515
516
517
518
519
520
521
522
523
524
525
526
527
528
529
530
531
532
533
534
536
538
539
541
543
544
545
546
547
548
549
550
551
552
553
554
555
556
557
558
559
560
566
571
573
574
575
576
577
578
579
580
582
584
585
586
587
589
591
592
593
594
596
597
599
601
602
605
606
608
610
613
614
615
618
620
625
628
629
630
631
632
633
634
635
636
637
638
639
640
642
643
644
645
646
647
649
658
659
660
661
665
666
667
707
708
709
712
713
714
715
716
717
718
720
721
722
723
725
726
727
728
729
730
731
732
733
734
735
743
754
756
758
766
767
768
770
774
781
783
785
791
799
800
802
808
828
829
842
843
844
845
894
913
914
915
916
917
918
919
920
921
922
923
924
925
926
927
928
929
930
931
932
933
934
935
936
937
938
939
940
941
942
943
944
945
946
948
949
950
951
952
953
954
955
956
957
958
959
960
778A
779A
A01
A36
A85
A94
B07
B08
BOL
C02
C03
C04
C05
C06
C07
C08
C10
C11
C12
C16
C17
C18
D36
D37
D38
D39
D40
D41
E01
GRO
H138A
H140
H145
H150
H158
H167A
S122A
S144A
S152A
177
178
180
183
184
191
195
198
199
203
209
217
218
219
222
223
224
231
233
234
235
236
242
244
260
261
262
263
280
290
297
298
316
317
319
320
322
414
416
417
421
422
423
425
436
437
438
439
449
454
455
460
461
462
463
464
465
466
467
468
469
470
471
472
473
474
693
694
695
696
697
705
848
851
853
854
855
856
857
858
860
861
862
864
865
D35
1
57
59
60
61
62
63
64
65
66
67
68
69
70
71
72
79
80
81
82
83
84
85
87
88
89
90
91
92
99
101
102
103
104
105
106
107
108
109
110
111
116
117
118
155
158
160
163
164
165
166
167
168
169
170
171
172
173
174
175
176
177
178
179
180
184
195
210
214
219
414
448
491
492
493
494
495
496
497
498
499
500
501
502
503
508
509
520
521
522
523
524
525
526
527
529
538
539
540
575
576
577
578
579
580
581
582
584
585
586
587
589
591
592
593
594
596
597
599
601
602
605
608
610
613
614
618
625
630
633
634
635
636
637
638
639
640
642
643
644
645
646
647
649
654
656
697
701
702
703
704
705
706
707
708
718
721
754
756
757
758
761
762
763
764
765
766
767
768
769
770
771
772
773
774
781
782
783
785
841
842
844
845
846
847
848
849
850
851
852
853
854
855
856
857
858
859
860
861
862
865
866
868
930
931
932
933
934
935
936
937
938
939
940
941
942
943
944
945
946
947
948
949
950
951
952
953
954
955
956
957
958
959
960
961
962
963
964
983
984
985
986
701A
779A
BILL
C03
C04
C05
C06
C07
C08
C11
C12
C15
C18
D29
D32
D33
D34
D35
D36
D37
D38
D40
H138A
H140
H145
H150
H158
S122A
S125
S144A
45
47
48
49
50
51
52
53
54
55
56
57
58
59
60
61
62
63
64
65
66
67
68
69
70
71
72
79
80
81
83
84
87
88
89
90
92
93
95
99
100
104
105
106
107
108
109
111
115
116
118
121
122
123
132
134
135
136
138
139
141
145
146
147
148
149
150
151
152
154
155
156
157
158
159
160
161
162
163
164
165
166
167
168
169
170
171
172
173
174
176
177
178
179
180
183
184
191
195
198
199
203
204
205
207
208
209
210
211
212
213
214
215
216
217
218
219
220
221
222
223
224
231
235
236
242
243
244
245
246
253
254
255
258
259
260
261
262
263
266
280
290
292
293
294
295
317
319
320
322
343
367
369
370
372
393
394
395
396
397
403
404
405
406
407
413
414
415
416
417
420
421
422
423
424
425
426
427
438
439
444
448
449
454
455
460
461
467
468
469
470
471
472
477
491
492
493
494
495
496
497
498
499
500
501
502
508
509
513
515
522
524
526
538
549
550
551
552
553
554
560
561
564
565
566
578
580
582
584
585
586
587
593
596
599
601
602
638
639
640
642
643
644
645
647
667
691
695
697
700
701
702
703
704
705
707
708
721
751
753
754
756
757
758
759
761
762
763
764
765
766
767
768
769
770
771
772
773
774
781
783
785
841
842
843
844
845
846
847
848
851
853
854
855
856
857
858
859
860
861
862
863
864
865
866
868
869
870
871
872
874
875
876
878
912
921
924
925
926
927
928
929
930
931
932
933
934
935
936
937
938
939
940
941
942
943
944
945
946
947
948
949
950
951
952
953
954
955
956
957
958
959
960
961
962
963
964
966
969
971
972
973
974
977
978
979
980
983
984
985
986
987
988
989
991
993
994
995
996
997
998
999
701A
BILL
C06
C07
C08
C12
C18
D01
D02
D07
D08
D09
D10
D13
D14
D23
D25
D26
D27
D28
D29
D32
D33
D34
D35
D36
D37
D38
D40
D41
H138A
H140
H145
H150
H158
H167A
S105
S122A
S125
S144A
S152A
245
246
263
266
293
295
296
297
298
299
316
317
319
320
322
323
324
325
329
331
332
333
334
383
384
385
419
420
421
422
423
424
425
426
427
428
436
437
438
439
444
449
454
455
460
461
462
471
473
474
475
476
477
677
678
680
682
683
684
686
687
688
689
690
691
692
700
875
876
878
895
896
897
898
899
900
905
907
908
973
974
977
978
979
980
987
993
994
995
996
334A
D07
D08
D09
D10
D11
D13
D14
D15
D17
D18
VAN
1
11
16
17
32
34
49
121
134
165
166
343
344
346
488
501
502
511
515
520
539
554
575
576
577
578
579
580
582
584
589
591
602
613
614
615
618
620
630
633
634
635
636
637
638
639
640
642
643
644
645
646
647
649
654
656
658
661
718
721
726
727
729
730
731
734
743
781
783
785
800
802
829
914
778A
779A
A01
A36
A85
A94
BOL
C02
C03
C04
C05
C11
C12
C15
C16
C18
D39
D40
E01
GRO
1
11
59
63
65
79
80
81
83
84
87
89
90
92
95
99
106
107
111
116
163
165
166
167
169
170
171
488
489
491
492
493
494
496
498
500
501
502
503
508
510
511
513
515
516
519
520
521
522
523
524
526
538
539
575
578
579
580
582
584
585
586
587
588
589
591
592
593
594
595
596
597
598
599
600
601
602
603
604
605
606
607
608
609
610
611
613
614
615
617
618
619
620
621
622
626
630
633
634
635
636
637
638
639
640
642
643
644
645
646
647
649
654
656
707
708
718
721
726
767
768
781
783
785
791
800
802
842
843
844
845
846
847
935
936
937
938
939
940
941
942
943
944
945
946
947
955
956
957
958
959
779A
A01
A36
C02
C03
C04
C05
C06
C07
C08
C10
C11
C12
C15
C16
C17
C18
D36
D37
D38
D39
D40
1
11
16
17
32
34
45
49
57
59
79
80
81
83
84
87
89
90
92
99
106
121
134
135
165
166
169
170
171
177
178
342
343
344
346
347
349
350
351
352
353
354
355
407
408
479
480
481
482
483
484
485
486
487
488
489
490
491
492
493
494
496
498
500
501
502
503
510
511
513
514
515
516
517
518
519
520
530
531
532
533
534
536
538
539
541
543
547
548
549
550
551
553
554
560
564
566
571
573
574
575
576
577
578
579
580
586
589
591
592
593
594
596
597
599
601
602
605
606
608
610
613
614
615
618
620
625
628
629
630
631
632
633
634
635
636
637
638
639
640
642
643
644
645
646
647
649
654
656
658
659
660
661
665
666
707
708
712
713
714
715
716
717
718
720
721
722
723
725
726
727
728
729
730
731
732
733
734
735
743
754
756
767
774
781
783
785
791
799
800
802
828
829
894
913
914
915
916
917
918
919
920
921
922
923
924
925
926
927
928
929
930
931
932
933
934
960
778A
779A
A01
A36
A85
A94
B07
B08
BOL
C02
C03
C04
C05
C06
C07
C08
C10
C11
C12
C15
C16
C17
C18
D37
D38
D39
D40
E01
GRO
H150
S144A
1
11
16
17
83
107
111
116
117
488
491
492
493
496
498
500
501
502
503
508
510
511
512
513
514
515
516
520
521
522
523
524
525
526
528
529
539
541
575
576
577
578
579
580
582
584
585
586
587
589
591
592
593
594
596
597
598
599
600
601
602
603
604
605
606
607
608
609
610
611
613
614
615
616
617
618
619
620
621
622
623
624
625
626
628
630
631
632
633
634
635
636
637
638
639
640
641
642
643
644
645
646
647
649
654
656
718
721
726
727
729
730
743
781
783
785
791
799
800
802
843
844
848
913
914
915
938
939
940
941
942
943
944
945
946
947
948
949
950
951
952
953
954
955
956
957
958
959
778A
779A
A01
A36
BOL
C02
C03
C04
C05
C06
C07
C08
C10
C11
C12
C15
C16
C17
C18
D36
D39
D40
81
83
84
87
89
116
177
178
180
195
219
233
235
245
246
263
266
293
297
298
316
317
319
320
322
331
414
415
416
417
420
421
422
423
425
427
428
436
437
439
444
448
449
454
455
460
461
462
464
465
466
467
468
469
470
471
472
473
474
597
683
686
687
688
689
690
691
693
694
695
696
697
699
700
702
703
704
705
756
765
841
844
845
846
847
848
858
864
865
875
876
878
895
896
900
908
961
963
964
977
978
979
980
983
984
985
986
987
988
989
991
993
994
995
996
997
998
999
701A
D01
D02
D03
D04
D05
D07
D08
D09
D10
D11
D15
D17
D18
D25
D26
D27
D28
D29
D32
D33
D34
D35
1
11
16
17
59
61
62
63
64
79
80
81
83
84
87
89
90
92
93
95
99
106
107
111
116
118
134
155
160
163
164
165
166
167
169
170
171
177
178
183
219
242
280
448
467
468
469
470
486
487
488
489
490
491
492
493
494
495
496
497
498
499
500
501
502
503
504
508
509
510
511
512
513
514
515
516
520
521
522
523
524
525
526
527
528
529
538
539
540
541
548
550
571
575
576
577
578
579
580
582
584
585
586
587
588
589
590
591
592
593
594
595
596
597
598
599
600
601
602
603
604
605
606
607
608
609
610
611
613
614
615
616
617
618
619
620
621
622
624
625
626
628
629
630
631
632
633
634
635
636
637
638
639
640
641
642
643
644
645
646
647
649
654
656
704
705
707
708
718
721
726
727
729
730
757
758
761
762
765
766
767
781
783
785
791
799
800
802
842
843
844
845
846
847
848
851
853
854
855
856
858
938
939
940
941
942
943
944
945
946
947
948
949
950
951
952
953
954
955
956
957
958
959
962
778A
779A
A01
A36
BOL
C02
C03
C04
C05
C06
C07
C08
C10
C11
C12
C15
C16
C17
C18
D01
D32
D36
D37
D38
D39
D40
H158
1
11
16
17
32
34
49
59
79
80
81
82
83
84
87
88
89
90
92
93
95
99
100
106
107
110
111
112
113
114
115
116
117
118
119
121
163
164
165
166
169
170
171
344
346
347
350
351
352
353
479
480
481
482
483
484
485
486
487
488
489
490
491
492
494
495
496
497
498
499
500
501
502
503
504
505
506
507
508
509
510
511
512
514
515
516
517
518
519
520
521
522
523
524
525
526
527
528
529
532
534
536
538
539
540
541
548
550
553
554
560
564
566
568
569
571
573
575
576
577
578
579
580
581
582
583
584
585
586
587
588
589
591
592
593
594
595
596
597
598
599
600
601
602
603
604
605
606
607
608
609
610
611
613
614
615
616
617
618
619
620
621
622
623
624
625
626
628
629
630
631
632
633
634
635
636
637
638
639
640
641
642
643
644
645
646
647
648
649
650
651
652
653
654
655
656
657
658
707
708
718
721
726
727
729
730
731
734
743
767
781
783
785
786
787
788
789
791
792
799
800
801
802
803
804
842
843
844
845
846
847
848
913
914
915
916
917
918
919
935
936
937
938
939
940
941
942
943
944
945
946
947
948
949
950
951
952
953
954
955
956
957
958
959
963
778A
779A
A01
A36
A85
A94
BOL
C02
C03
C04
C05
C06
C07
C08
C10
C11
C12
C15
C16
C17
C18
D36
D37
D39
D40
FL313
GRO
R01
R02
R03
R04
R05
R06
R07
R08
R09
R10
R11
R12
R13
R14
R15
80
81
83
84
87
88
89
90
92
99
104
106
111
134
135
136
139
155
158
160
163
164
165
166
167
169
170
171
175
177
178
179
180
183
184
191
195
198
210
216
217
219
220
221
222
223
224
231
233
234
235
242
243
244
245
246
253
254
255
257
258
259
260
261
262
263
266
280
290
292
293
294
295
296
297
298
299
300
316
317
319
320
322
323
324
325
329
331
334
356
414
415
416
417
418
419
420
421
422
423
424
425
426
427
428
436
437
438
439
444
448
449
454
455
460
461
462
463
464
465
466
467
468
469
470
471
472
473
474
475
476
477
501
502
575
586
593
594
596
599
601
602
605
606
608
610
613
614
615
618
620
630
633
634
635
636
637
638
639
640
642
643
645
647
675
677
678
680
682
683
684
685
686
687
688
689
690
691
692
693
694
695
696
697
699
700
701
702
703
704
705
707
708
754
756
757
758
761
762
763
765
766
767
841
842
843
844
845
846
847
848
849
850
851
852
853
854
855
856
857
858
859
860
861
862
863
864
865
866
868
869
870
871
872
874
875
876
877
878
879
880
881
882
884
885
886
887
888
895
896
897
900
902
907
908
960
961
962
963
964
966
969
971
972
973
974
975
977
978
979
980
981
983
984
985
986
987
988
989
990
991
992
993
994
995
996
997
998
999
334A
701A
BILL
C06
C07
C08
C10
C11
C12
C15
C16
C17
C18
D01
D02
D03
D04
D05
D06
D07
D08
D09
D10
D11
D13
D14
D15
D17
D18
D22
D23
D25
D26
D27
D28
D29
D30
D32
D33
D34
D35
D36
D37
D38
D41
H138A
H140
H145
H150
H158
H167A
S122A
S125
S144A
S152A
1
2
3
4
7
10
11
15
16
17
18
24
26
27
28
29
30
31
32
33
34
35
36
37
39
40
42
43
44
45
46
47
48
49
50
51
52
53
54
56
57
58
59
60
61
62
63
64
65
66
67
68
69
70
71
72
79
80
81
82
83
84
87
88
89
90
92
93
95
99
100
104
105
106
107
108
109
110
111
112
113
114
115
116
117
118
119
121
123
124
125
126
128
129
130
131
132
134
135
136
141
142
143
144
145
146
147
148
149
150
151
158
160
163
164
165
166
167
168
169
170
171
172
173
175
176
177
178
179
183
195
211
213
242
343
344
345
346
347
349
350
351
352
353
354
393
394
395
401
402
403
404
405
406
407
408
409
411
412
413
479
480
481
482
483
484
485
486
487
488
489
490
491
492
493
494
495
496
497
498
499
500
501
502
503
504
505
506
507
508
509
510
511
512
513
514
515
516
517
518
519
520
521
522
523
524
525
526
527
528
529
530
531
532
533
534
535
536
538
539
540
541
542
543
544
545
546
547
548
549
550
551
552
553
554
555
556
557
558
559
560
561
562
563
564
565
566
567
568
569
570
571
572
573
574
575
576
577
578
579
580
581
582
583
584
585
586
587
588
589
590
591
592
593
594
595
596
597
598
599
600
601
602
603
605
606
607
608
609
610
611
613
614
615
616
617
618
619
620
621
622
623
624
625
626
628
629
630
631
632
633
634
635
636
637
638
639
640
641
642
643
644
645
646
647
649
650
651
652
653
654
655
656
657
658
659
660
661
662
667
705
706
707
708
718
721
726
727
729
730
731
734
736
739
740
741
742
743
744
745
747
748
749
750
751
752
753
754
755
756
757
758
759
761
766
767
768
769
770
771
772
773
774
777
778
779
780
781
782
783
784
785
786
787
789
800
801
802
803
804
805
807
808
809
811
812
813
814
815
816
817
818
819
820
828
829
830
831
832
833
834
835
836
837
838
839
841
842
843
844
845
846
847
848
849
850
851
852
853
854
855
856
858
860
861
862
865
913
914
915
916
917
918
919
920
921
922
923
924
925
926
927
928
929
930
931
932
933
934
935
936
937
938
939
940
941
942
943
944
945
946
948
949
950
951
952
953
954
955
956
957
958
959
960
13B
31B
778A
779A
A01
A36
A56
A85
A94
B07
B08
BOL
C02
C03
C04
C05
C06
C07
C08
C10
C11
C12
C15
C16
C17
C18
D35
D36
D37
D38
D39
D40
D41
E01
GRO
H138A
H140
H145
H150
H158
H167A
S125
S144A
S152A
1
11
16
17
32
34
45
49
57
59
60
62
63
65
79
80
81
83
84
87
89
90
92
95
99
104
106
107
111
116
117
118
121
122
123
124
125
126
127
128
129
130
131
132
133
134
135
136
138
139
141
142
143
144
145
146
147
148
149
150
151
152
155
156
157
160
163
164
165
166
167
170
171
177
178
183
195
242
342
343
344
345
346
347
349
350
351
352
353
354
356
357
358
359
360
367
369
370
371
372
373
375
376
377
383
393
394
395
396
397
398
403
404
405
406
407
408
409
410
411
412
413
479
480
481
482
483
484
485
486
487
488
489
490
491
492
493
494
496
498
500
501
502
503
508
510
511
512
513
514
515
516
517
518
519
520
521
522
523
524
525
526
527
528
529
530
531
532
533
534
536
538
539
541
544
545
547
548
549
550
551
552
553
554
555
560
564
566
571
573
574
575
576
577
578
579
580
582
584
585
586
587
589
591
592
593
594
596
597
599
601
602
605
606
608
610
613
614
615
618
620
625
628
629
630
631
632
633
634
635
636
637
638
639
640
642
643
644
645
646
647
649
654
656
658
659
660
661
666
667
707
708
709
712
713
714
715
716
717
718
720
721
722
723
725
726
727
728
729
730
731
732
733
734
735
743
751
754
756
757
758
766
767
768
770
774
781
783
785
791
800
802
828
829
842
843
844
845
846
894
902
909
910
911
912
913
914
915
916
917
918
919
920
921
922
923
924
925
926
927
928
929
930
931
932
933
934
935
936
937
938
939
940
941
942
943
944
945
946
948
949
950
951
952
953
954
955
956
957
958
959
960
961
962
778A
779A
A01
A36
A85
A94
B07
B08
BOL
C02
C03
C04
C05
C06
C07
C08
C10
C11
C12
C15
C16
C17
C18
D36
D37
D38
D39
D40
D41
E01
GRO
H138A
H140
H145
H150
H158
H167A
S122A
S125
S144A
S152A
116
136
169
177
178
180
195
210
214
219
235
237
238
239
240
241
242
243
244
245
246
247
254
255
257
258
259
260
261
262
263
264
265
266
267
268
269
270
271
272
273
274
275
276
277
278
279
280
281
282
283
284
285
286
287
288
289
290
293
297
320
322
414
415
416
417
420
421
422
423
424
425
426
427
428
436
437
438
439
444
448
449
454
455
457
460
461
462
463
467
468
469
470
471
472
473
691
695
697
699
700
701
702
703
704
705
756
757
761
762
763
764
765
766
853
854
855
856
857
858
859
860
861
862
863
864
865
866
867
868
869
870
871
872
874
875
876
877
878
879
880
881
960
961
962
963
964
965
966
967
968
969
970
972
973
974
975
977
978
979
980
981
982
983
984
985
986
987
988
989
990
991
992
993
994
995
996
997
998
999
701A
BILL
D01
D02
D03
D04
D07
D08
D09
D10
D11
D14
D15
D17
D18
D19
D20
D21
D22
D23
D24
D25
D26
D27
D28
D29
D30
D32
D33
D34
D35
D38
H158
S144A
S152A
1
2
3
4
7
8
9
10
11
13
14
15
16
17
18
19
20
21
22
23
24
25
26
27
28
29
30
31
32
33
34
35
36
37
39
40
42
43
44
45
46
47
48
49
50
52
57
59
60
62
63
65
79
80
81
83
84
87
88
89
90
92
95
99
104
106
107
111
116
117
118
121
122
123
124
125
126
127
128
129
130
131
132
133
134
135
136
138
139
141
142
143
144
145
146
147
148
149
150
155
163
164
165
166
167
170
171
183
195
340
342
343
344
345
346
347
348
349
350
351
352
353
354
355
356
357
358
359
360
362
365
367
369
370
371
372
373
374
375
376
377
378
379
380
393
394
395
396
397
398
399
400
401
402
403
404
405
406
407
408
409
410
411
412
413
478
479
480
481
482
483
484
485
486
487
488
489
490
491
492
493
494
495
496
497
498
499
500
501
502
503
508
509
510
511
512
513
514
515
516
517
518
519
520
521
522
523
524
525
526
527
528
529
530
531
532
534
536
538
539
540
541
543
545
548
549
550
551
552
553
554
555
556
557
558
559
560
561
562
563
564
565
566
567
568
569
570
571
572
573
574
575
576
577
578
579
580
581
582
584
585
586
587
589
591
592
593
594
595
596
597
598
599
600
601
602
603
604
605
606
607
608
609
610
611
613
614
615
616
617
618
619
620
621
622
625
626
628
629
630
631
632
633
634
635
636
637
638
639
640
641
642
643
644
645
646
647
649
650
651
653
654
655
656
657
658
659
660
661
662
665
666
667
668
675
707
708
709
712
713
714
715
716
717
718
720
721
722
725
726
727
728
729
730
731
732
733
734
735
736
737
738
739
740
741
742
743
744
745
746
747
748
749
750
751
752
753
754
755
756
758
767
768
770
771
774
777
778
779
780
781
782
783
785
789
791
799
800
801
802
803
804
805
807
808
809
811
813
814
816
817
818
819
820
821
822
823
824
828
829
830
831
832
833
834
835
836
837
838
839
841
842
843
844
845
846
847
848
849
850
851
852
888
890
891
892
893
894
909
910
911
912
913
914
915
916
917
918
919
920
921
922
923
924
925
926
927
928
929
930
931
932
933
934
935
936
937
938
939
940
941
942
943
944
945
946
948
949
950
951
952
953
954
955
956
957
958
959
960
13B
1B
31B
778A
779A
9B
A01
A11
A30
A36
A56
A57
A58
A59
A60
A62
A65
A66
A69
A72
A74
A75
A77
A79
A80
A81
A82
A84
A85
A86
A93
A94
A95
A98
B01
B02
B03
B05
B07
B08
B09
B11
BOL
C02
C03
C04
C05
C06
C07
C08
C10
C11
C12
C15
C16
C17
C18
D36
D37
D38
D39
D40
D41
E01
GRO
H138A
H140
H145
H150
H158
H167A
S125
S144A
S152A
1
11
16
17
32
34
49
63
65
80
81
83
84
106
107
111
116
121
134
135
166
169
170
343
346
488
501
502
511
539
541
554
575
576
577
578
580
582
584
585
586
587
589
591
592
593
594
596
599
601
602
608
610
613
614
615
618
620
630
633
634
635
636
637
638
639
640
642
643
644
645
646
647
649
658
661
708
718
721
726
727
729
730
731
734
743
768
781
783
785
828
829
894
913
914
915
916
917
918
920
921
922
923
924
925
926
927
928
929
938
939
940
941
942
943
944
945
946
948
949
950
951
952
953
954
955
956
957
958
959
778A
779A
A01
A36
A85
A94
BOL
C02
C03
C04
C05
C06
C07
C08
C11
C12
C15
C16
C17
C18
D39
D40
E01
GRO
1
11
16
17
32
34
44
49
50
51
52
53
57
59
60
62
63
65
80
81
83
84
87
88
89
90
92
99
104
106
107
111
116
121
132
134
135
136
143
154
155
157
158
160
163
164
165
166
167
169
170
171
177
178
179
180
184
195
210
214
219
228
233
235
245
246
266
270
293
294
297
298
300
317
319
320
321
322
331
334
341
343
344
345
346
349
351
354
356
357
358
359
365
367
369
371
372
373
374
375
376
377
378
380
381
382
385
386
389
393
394
395
396
397
398
399
400
401
402
404
405
414
415
416
420
422
423
424
425
426
427
428
436
437
438
439
444
448
449
454
455
457
460
461
462
463
464
465
466
467
468
469
471
473
477
478
483
484
488
489
490
491
492
499
500
501
502
503
511
515
516
517
519
520
524
525
527
539
541
554
575
576
577
578
579
580
581
582
583
584
585
586
587
589
590
591
592
593
594
596
599
600
601
602
603
604
605
606
607
608
609
610
611
612
613
614
615
617
618
619
620
621
622
626
628
630
631
632
633
634
635
636
637
638
639
640
641
642
643
644
645
646
647
648
649
651
653
654
655
656
657
658
659
660
661
662
664
665
666
667
668
669
670
672
673
674
675
676
677
678
679
680
681
682
683
684
686
687
688
690
691
692
693
694
695
697
699
700
701
702
703
704
705
707
708
710
712
713
716
717
718
720
721
722
723
725
726
727
729
730
731
732
733
734
735
737
739
740
741
742
743
744
745
748
749
750
751
752
753
754
755
756
757
758
759
760
761
762
763
765
766
767
768
769
770
771
772
773
774
775
777
778
779
780
781
782
783
784
785
786
787
788
789
790
791
799
800
801
802
803
804
805
808
809
811
812
813
814
815
816
817
818
819
821
822
823
825
828
829
830
831
832
833
834
835
836
837
838
839
841
842
843
844
845
846
847
848
849
850
851
852
854
855
856
857
858
859
860
861
862
863
864
865
866
867
868
869
870
871
872
874
875
876
877
878
879
880
881
882
883
884
886
887
888
889
890
891
892
893
894
895
896
897
898
899
900
901
902
903
905
906
907
908
909
910
911
912
913
914
915
916
917
918
919
920
921
922
923
924
925
926
927
928
929
930
931
932
933
934
935
936
937
938
939
940
941
942
943
944
945
946
947
948
949
950
951
952
953
954
955
956
957
958
959
960
961
962
963
964
965
966
967
968
969
970
971
972
973
974
977
978
979
980
981
982
983
984
985
986
987
988
989
990
991
992
993
994
995
996
997
998
999
334A
701A
778A
779A
883A
A01
A36
A85
A94
B07
B08
BILL
BOL
C01
C02
C03
C04
C05
C06
C07
C08
C09
C10
C11
C12
C15
C16
C17
C18
D01
D02
D03
D04
D05
D06
D07
D08
D09
D10
D11
D12
D13
D14
D15
D16
D17
D18
D19
D20
D21
D22
D23
D24
D25
D26
D27
D28
D29
D30
D32
D33
D34
D35
D36
D37
D38
D39
D40
D41
E01
GRO
H010A
H010B
H015
H020
H022
H045
H050
H055
H060
H065
H070
H075
H080
H085
H090
H095
H100
H105
H110
H115
H120
H125
H127
H130
H133
H138A
H140
H145
H150
H158
H167A
H-4K5
S002
S030
S035
S040
S045
S050
S055
S060
S065
S070
S075
S080
S085
S090
S095
S100
S105
S110
S112
S115
S117
S120
S122A
S125
S144A
S152A
SL4
SL6
SL7
SLBN1
SLBN2
T042
T042A
T042B
T042C
T042E
T042F
T049
TGHB
V13
VAN
501
502
503
511
515
520
575
579
580
586
588
589
591
592
593
594
595
596
597
598
599
600
601
602
603
604
605
606
607
608
609
610
611
612
613
614
615
616
617
618
619
620
621
622
623
624
625
626
628
629
630
631
632
633
634
635
636
637
638
639
640
641
642
643
644
645
646
647
649
654
656
791
799
800
802
A01
BOL
C02
C03
C04
C05
C06
C07
C08
C10
C11
C12
C15
C16
C17
C18
59
60
62
79
80
81
83
84
87
88
89
90
92
93
95
99
104
106
107
111
116
163
164
165
166
167
168
169
170
171
172
173
174
175
177
178
179
180
183
184
191
195
198
242
413
414
416
448
461
467
468
585
586
587
695
697
703
704
705
707
708
756
765
766
767
768
769
770
841
842
843
844
845
846
847
848
849
850
851
852
853
854
855
856
857
858
859
860
935
936
937
938
939
940
941
942
943
944
945
946
948
949
950
951
952
953
954
955
956
957
958
959
961
985
986
987
988
701A
D01
D28
D32
D36
D37
D38
1
2
11
16
17
18
24
26
27
28
29
30
31
32
33
34
35
36
37
38
39
40
42
43
44
45
46
47
48
49
50
51
52
53
54
55
56
57
58
79
95
115
116
117
118
121
123
124
125
126
127
128
129
130
131
132
133
134
135
136
138
139
141
142
143
144
145
146
147
148
149
150
151
152
154
155
156
157
161
163
342
343
344
345
346
347
349
350
351
352
353
354
355
356
357
358
359
360
362
365
367
369
370
371
372
373
374
375
376
377
378
379
393
394
395
396
397
398
399
400
401
402
403
404
405
406
407
408
409
410
411
412
413
479
480
481
482
483
484
485
486
487
488
489
490
491
492
493
494
495
496
497
498
499
500
501
502
503
504
505
506
507
508
509
510
511
513
514
515
516
517
518
519
520
521
522
523
524
525
526
527
528
529
530
531
532
533
534
535
536
537
538
539
540
541
542
543
544
545
546
547
548
549
550
551
552
553
554
555
556
557
558
559
560
561
562
563
564
565
566
567
568
569
570
571
572
573
575
576
577
578
579
580
581
582
586
654
656
658
659
660
661
662
667
709
712
715
716
717
718
721
725
726
727
729
730
731
734
736
737
738
739
740
741
742
743
744
745
747
748
749
750
751
752
753
754
756
771
772
773
774
777
778
779
781
783
785
800
802
805
806
807
808
809
810
811
812
813
814
815
816
817
818
819
824
828
829
830
831
832
833
834
835
836
837
838
894
912
913
914
915
916
917
918
919
920
921
922
923
924
926
927
928
929
930
931
932
933
934
960
31B
778A
779A
A01
A36
A56
A57
A58
A59
A60
A62
A65
A66
A72
A74
A75
A77
A79
A80
A81
A82
A84
A85
A86
A93
A94
A95
A96
A98
A99
B01
B02
B05
B07
B08
B09
B10
B11
BOL
D39
D40
D41
E01
GRO
H150
H158
H167A
S144A
S152A
Se02
Se03
Se04
Se05
Se06
Se07
Se08
Se09
Se10
Se11
Se12
Se13
Se14
Se15
Se16
Se17
Se18
Se19
Se20
Se21
Se22
Se23
Se24
Se25
Se26
Se27
Se28
Se29
Se30
Se31
Se32
Se33
Se34
233
245
246
263
266
292
293
294
295
296
297
316
319
320
417
418
424
425
426
427
428
436
439
444
448
449
454
455
460
461
462
463
464
465
466
467
468
469
470
471
472
473
474
690
691
693
694
695
696
697
700
875
876
878
895
896
897
900
907
908
973
974
977
978
979
980
987
993
994
995
996
997
998
999
D02
D03
D04
D05
D07
D08
D09
D10
D11
D13
D14
D15
D17
D18
1
2
3
4
7
8
11
15
16
17
18
32
33
44
45
46
47
48
49
50
51
52
53
54
55
56
57
58
59
60
61
62
63
64
65
66
67
68
69
70
71
72
79
80
81
82
83
84
85
87
88
89
90
91
92
93
95
99
100
104
105
106
107
108
109
110
111
112
113
114
115
116
117
118
119
121
122
123
124
125
126
127
128
129
130
131
132
134
135
136
138
139
141
142
143
144
145
146
147
148
149
150
151
152
154
155
156
157
158
159
160
161
162
163
164
165
166
167
168
169
170
171
172
173
174
175
176
177
178
179
180
183
184
185
186
187
188
189
190
191
195
198
199
203
209
210
211
212
213
214
215
216
217
218
219
220
221
222
223
224
231
233
234
235
236
242
243
244
245
246
247
248
249
250
251
252
253
254
255
256
257
258
259
260
261
262
263
266
270
280
290
292
293
294
297
298
299
300
316
317
319
320
321
322
323
324
325
329
331
332
333
334
335
336
339
340
341
342
343
344
345
346
347
349
351
352
353
354
355
356
357
358
359
360
362
367
369
370
371
372
373
374
375
376
377
378
379
380
381
382
383
384
385
386
387
388
389
390
391
393
394
395
396
397
398
399
400
401
402
403
404
405
406
407
408
409
410
411
412
413
414
415
416
417
418
420
421
422
423
424
425
426
427
428
436
437
438
439
444
448
449
454
455
457
460
461
462
463
464
465
466
467
468
469
470
471
472
473
474
475
476
477
478
479
480
481
482
483
484
485
486
487
488
489
490
491
492
493
494
495
496
497
498
499
501
502
503
504
505
506
507
508
509
510
511
512
513
514
515
516
517
520
521
522
523
524
525
526
527
530
531
532
533
534
536
539
540
541
542
543
549
550
554
560
561
562
563
564
565
566
567
568
569
570
577
578
579
580
581
582
583
584
585
586
587
588
590
591
592
593
594
595
596
597
598
599
600
601
602
603
604
605
606
607
608
609
610
611
613
614
615
617
618
619
620
621
622
623
624
625
630
633
634
635
636
637
638
639
640
644
646
647
649
650
651
652
653
654
655
656
657
658
659
660
661
662
666
667
668
669
670
671
672
673
674
675
676
677
678
679
680
681
682
683
684
685
686
687
688
689
690
691
692
693
694
695
696
697
699
700
701
702
703
704
705
706
707
708
709
712
715
718
721
723
726
727
729
730
731
743
748
749
750
751
752
753
754
756
757
758
759
761
762
763
764
765
766
767
768
769
770
771
772
773
774
778
779
780
781
782
783
785
789
799
801
802
803
804
805
807
808
811
812
817
818
819
820
821
822
823
828
829
830
831
832
833
834
835
836
841
842
843
844
845
846
847
848
849
850
851
852
853
854
855
856
857
858
859
860
861
862
863
864
865
866
867
868
869
870
871
872
874
875
876
877
878
879
880
881
882
884
885
886
887
888
889
891
892
893
894
895
896
897
900
901
902
905
906
907
908
909
910
911
912
913
914
915
916
917
918
920
921
922
923
924
925
928
929
930
931
932
933
934
935
936
937
942
943
944
945
946
948
949
950
951
952
953
954
955
956
957
958
959
960
961
962
963
964
966
969
971
972
973
974
975
977
978
979
980
982
983
984
985
986
987
988
989
990
991
992
993
994
995
996
997
998
999
1B
334A
701A
778A
779A
A01
A36
B07
B08
BILL
BOL
C02
C03
C06
C10
C12
C15
C16
C17
C18
D01
D02
D03
D04
D05
D06
D07
D08
D09
D10
D11
D12
D13
D14
D15
D16
D17
D18
D19
D20
D21
D22
D23
D24
D25
D26
D27
D28
D29
D30
D32
D33
D34
D35
D36
D37
D38
D39
D40
D41
E01
H010A
H010B
H015
H020
H022
H045
H050
H055
H060
H065
H070
H075
H080
H085
H090
H095
H100
H105
H110
H115
H120
H125
H127
H130
H133
H138A
H140
H145
H150
H158
H167A
H-4K5
S002
S030
S035
S040
S045
S050
S055
S060
S065
S070
S080
S085
S090
S095
S100
S105
S110
S112
S115
S117
S120
S122A
S125
S144A
S152A
SL4
SL6
SL7
SLBN1
SLBN2
STN
V13
245
246
293
297
331
334
367
385
389
424
425
426
427
428
439
444
449
454
473
477
667
669
670
673
675
676
677
678
680
682
683
684
686
687
688
690
691
754
756
876
878
888
895
896
897
900
901
902
907
908
960
962
963
964
966
969
971
972
973
974
977
978
979
980
334A
D07
D08
D09
D10
D11
D13
D14
D15
D17
D18
H010A
H010B
H015
H020
H022
H045
H050
H055
H060
H065
H070
H075
H080
H085
H090
H150
H158
H-4K5
S002
S030
S035
S040
S045
S050
S055
S060
S065
S070
S075
S080
S085
S090
S095
S144A
SL4
SL51
SL6
SL7
SLBN1
SLBN2
SLV
V13
1
11
16
17
32
34
44
49
57
59
60
61
62
63
64
65
66
67
68
69
70
71
72
79
80
81
82
83
84
85
86
87
88
89
90
91
92
93
95
99
100
104
105
106
107
111
116
117
118
121
129
130
131
133
134
135
136
139
141
143
144
145
146
147
148
149
150
151
152
154
155
156
157
158
159
160
161
162
163
164
165
166
167
168
169
170
171
172
173
174
175
177
178
179
180
183
184
195
210
214
216
219
233
235
242
245
246
253
266
280
297
342
343
344
345
393
394
395
396
402
404
405
406
407
408
409
410
411
412
413
414
415
416
420
421
422
423
436
438
439
444
448
449
454
455
460
461
462
463
464
465
466
467
468
469
470
471
472
473
486
487
488
489
490
491
492
493
494
495
496
497
498
499
500
501
502
503
508
509
510
511
512
514
515
516
517
518
519
520
521
522
523
524
525
526
527
528
529
531
532
533
534
536
538
539
540
541
543
545
548
549
550
551
552
553
554
555
556
558
559
560
564
566
567
568
571
573
575
576
577
578
579
580
581
582
583
584
585
586
587
588
589
590
591
592
593
594
595
596
597
598
599
600
601
602
603
604
605
606
607
608
609
610
611
613
614
615
616
617
618
619
620
621
622
625
626
628
629
630
631
632
633
634
635
636
637
638
639
640
641
642
643
644
645
646
647
649
650
651
653
654
655
656
657
690
691
693
694
695
696
697
699
700
701
702
703
704
705
707
708
718
721
726
727
729
730
731
734
743
754
756
757
758
759
761
762
763
764
765
766
767
768
769
770
771
772
773
774
778
779
780
781
782
783
785
786
789
799
800
801
802
803
804
818
820
821
832
841
842
843
844
845
846
847
848
849
850
851
852
853
854
855
856
857
858
859
860
861
862
863
864
865
866
868
869
870
871
872
874
875
876
878
913
914
915
916
920
921
922
923
924
925
926
927
928
929
930
931
932
933
934
935
936
937
938
939
940
941
942
943
944
945
946
948
949
950
951
952
953
954
955
956
957
958
959
960
961
962
963
964
966
969
971
972
973
974
977
978
979
980
983
984
985
986
987
988
989
991
993
994
995
996
997
998
999
701A
778A
779A
A01
A36
A85
A94
BILL
BOL
C02
C03
C04
C05
C06
C07
C08
C10
C11
C12
C15
C16
C17
C18
D01
D02
D03
D04
D05
D08
D09
D23
D25
D26
D27
D28
D29
D30
D32
D33
D34
D35
D36
D37
D38
D39
D40
D41
H138A
H140
H145
H150
H158
H167A
S122A
S125
S144A
S152A
1
11
16
17
34
43
44
45
46
47
48
49
50
51
52
53
54
55
56
57
58
59
61
79
80
92
95
99
100
104
107
116
121
122
123
124
125
126
127
128
129
130
131
132
133
134
135
136
138
139
141
142
143
144
145
146
147
148
149
150
151
152
154
155
156
157
158
159
160
161
162
163
164
166
183
195
216
219
242
245
246
247
248
249
250
251
252
253
254
255
260
266
280
292
293
294
297
298
317
319
320
323
324
325
329
331
332
333
334
335
336
340
341
342
343
344
345
346
347
348
349
350
351
352
353
354
355
356
357
358
359
360
361
362
363
364
365
367
368
369
370
371
372
373
374
375
376
377
378
379
380
381
382
383
384
385
386
387
388
389
390
391
393
394
395
396
397
398
399
400
401
402
403
404
405
406
407
408
409
410
411
412
413
414
415
416
417
418
419
420
421
422
423
424
425
426
427
428
436
444
449
473
475
476
477
478
479
480
481
482
483
484
485
486
487
488
489
490
491
492
493
494
496
498
500
501
502
515
516
517
518
522
523
526
528
529
538
541
545
546
547
548
550
551
552
553
554
555
556
557
558
560
564
566
567
568
569
571
578
580
582
586
659
660
661
662
665
666
667
668
669
670
671
672
673
674
675
676
677
678
679
680
682
683
684
690
691
707
708
718
721
726
727
729
730
731
734
743
748
750
751
752
753
754
755
756
757
761
762
763
771
772
773
774
781
783
785
805
807
808
809
811
812
813
814
815
816
817
818
819
820
821
822
823
824
828
829
830
831
832
833
834
835
836
837
838
857
871
872
876
877
878
888
889
890
891
892
893
894
901
902
903
908
909
910
911
912
913
914
915
916
917
918
919
920
921
922
923
924
925
926
927
928
929
930
931
932
933
934
960
961
962
963
964
966
969
971
972
973
974
977
978
979
980
334A
701A
778A
A01
A36
A85
A94
B07
BILL
BOL
D07
D08
D09
D10
D11
D13
D14
D15
D17
D18
D23
D33
D34
D40
D41
E01
H010A
H010B
H015
H020
H022
H045
H050
H055
H060
H065
H070
H075
H080
H085
H090
H095
H100
H105
H110
H115
H120
H125
H127
H130
H133
H138A
H140
H145
H150
H158
H167A
S002
S030
S035
S040
S045
S050
S055
S060
S065
S070
S075
S080
S085
S090
S095
S100
S105
S110
S112
S115
S117
S120
S122A
S125
S144A
S152A
SL4
SL7
SLBN1
SLBN2
STN
V13
1
11
16
17
32
34
49
59
60
62
63
65
79
80
81
82
83
84
85
87
88
89
90
92
95
99
100
104
105
106
107
108
109
110
111
112
113
114
115
116
117
118
119
121
163
164
165
166
167
169
170
171
219
342
404
406
408
409
410
411
412
413
486
487
488
489
490
491
492
493
494
495
496
497
498
499
500
501
502
503
504
505
506
507
508
509
510
511
512
513
514
515
516
517
518
519
520
521
522
523
524
525
526
527
528
529
530
531
532
533
534
536
538
539
540
541
543
544
545
548
549
550
551
552
553
554
556
557
560
566
568
569
571
573
575
576
577
578
579
580
581
582
583
584
585
586
587
588
589
590
591
592
593
594
596
597
599
601
602
605
606
608
610
613
614
615
618
620
625
630
633
634
635
636
637
638
639
640
642
643
644
645
646
647
648
649
650
651
652
653
654
655
656
657
707
708
718
721
726
727
729
730
731
734
743
758
766
767
768
770
781
783
785
786
787
789
791
799
800
801
802
803
804
842
843
844
845
846
847
848
913
914
915
916
917
919
931
935
936
937
938
939
940
941
942
943
944
945
946
947
948
949
950
951
952
953
954
955
956
957
958
959
963
778A
779A
A01
A36
A85
A94
BOL
C02
C03
C04
C05
C06
C07
C08
C10
C11
C12
C13
C14
C15
C16
C17
C18
D36
D37
D38
D39
D40
175
180
195
219
233
235
242
243
244
245
246
247
248
257
258
259
260
261
262
263
266
290
292
293
294
295
296
297
298
299
316
317
319
320
322
329
331
414
415
416
417
418
419
420
421
422
423
424
425
426
427
428
436
437
438
439
444
448
449
454
455
456
457
458
459
460
461
462
463
464
465
466
467
468
469
470
471
472
473
474
477
690
691
693
694
695
696
697
699
700
702
703
704
705
848
855
856
858
864
865
875
876
878
895
896
897
900
907
908
962
964
973
974
978
979
980
983
984
985
986
987
988
989
991
992
993
994
995
996
997
998
999
701A
D01
D02
D03
D04
D05
D06
D07
D08
D09
D10
D11
D13
D14
D15
D17
D18
D25
D26
D27
D28
D33
D35
59
60
62
63
65
79
80
81
83
84
87
89
90
92
95
99
106
116
134
135
155
160
163
164
165
166
167
168
169
170
171
172
173
174
176
177
178
179
180
183
184
191
195
198
199
200
201
202
203
209
210
211
212
213
214
215
216
217
218
219
220
221
222
223
224
231
234
235
236
242
243
244
245
246
253
254
260
263
266
280
290
293
414
415
416
448
461
466
467
468
469
470
471
472
501
508
586
691
694
695
697
700
701
702
703
704
705
707
708
754
756
757
758
761
762
763
765
766
767
768
770
842
843
845
846
847
848
851
853
854
855
856
857
858
859
860
861
862
863
864
865
866
868
869
870
871
872
874
875
876
935
960
961
962
963
964
966
969
974
978
980
983
984
985
986
987
988
989
991
993
994
995
996
997
998
701A
BILL
D01
D23
D25
D26
D27
D28
D29
D32
D33
D34
D35
D36
D37
D38
D41
H150
H158
H167A
S144A
S152A
155
183
245
246
260
266
292
293
294
295
296
297
298
299
300
314
316
317
319
320
321
322
323
324
325
329
331
332
333
334
340
341
383
384
385
417
418
419
420
421
422
423
424
425
426
427
428
436
437
438
439
444
448
449
454
455
460
461
462
471
473
474
475
476
477
669
670
675
677
678
680
682
683
684
686
688
689
690
691
692
695
700
875
876
878
881
882
883
884
885
886
887
888
889
895
896
897
899
900
901
906
907
908
969
971
972
973
974
977
978
979
980
983
984
987
991
993
994
995
996
997
998
999
334A
D02
D04
D07
D08
D09
D10
D11
D13
D14
D15
D17
D18
H055
H060
1
11
16
17
18
24
25
26
27
28
32
34
43
44
45
47
48
49
50
51
52
54
55
56
57
58
59
60
79
95
116
118
121
132
134
135
136
139
141
155
163
164
165
166
169
242
336
341
342
343
344
345
346
347
348
349
350
351
353
354
355
356
357
358
359
360
362
365
367
369
370
371
372
373
374
375
376
377
378
379
380
383
384
385
386
389
393
394
395
396
397
398
399
400
401
403
404
405
406
407
408
413
477
478
479
480
481
482
483
484
485
486
487
488
489
490
491
492
493
494
495
496
497
498
499
500
501
502
503
508
509
510
511
513
514
515
516
517
518
519
520
521
522
523
524
525
526
527
528
529
538
539
540
541
542
543
544
545
546
547
548
549
550
551
552
553
554
555
556
557
558
559
560
564
566
568
569
571
573
575
576
577
578
579
580
582
586
589
591
592
593
594
596
597
599
601
602
608
610
613
614
615
618
620
625
630
633
634
635
636
637
638
639
640
642
643
644
645
646
647
649
654
656
658
661
666
667
673
675
677
708
718
721
726
727
729
731
734
743
751
753
754
756
774
781
783
785
800
802
828
829
894
902
909
910
911
912
913
914
915
916
917
918
919
920
921
922
923
924
925
926
927
928
929
930
931
932
933
934
960
963
13B
778A
779A
A01
A36
A85
A94
BOL
C02
C03
C04
C05
C06
C07
C08
C11
C12
C15
C16
C17
C18
D39
D40
D41
E01
GRO
H010A
H010B
H015
H120
H125
H138A
H140
H145
H150
H158
H167A
S122A
S125
S144A
S152A
245
246
258
259
260
261
262
263
266
292
293
294
295
296
297
298
299
316
317
319
320
322
331
417
418
419
422
423
424
425
426
427
428
436
437
438
439
440
441
442
444
447
448
449
454
455
460
461
462
463
467
468
469
470
471
472
473
474
477
684
686
687
688
690
691
695
700
875
876
878
895
897
900
907
908
973
974
977
978
979
980
985
987
993
994
995
996
997
998
999
D01
D02
D03
D04
D05
D07
D08
D09
D10
D11
D13
D14
D15
D17
D18
2
3
4
7
8
9
10
11
13
14
15
16
17
18
24
25
26
27
28
29
30
31
32
33
34
35
36
37
38
39
40
43
44
45
46
47
48
49
50
51
52
53
54
55
56
57
58
59
60
61
62
63
64
65
66
67
68
69
70
71
72
79
80
81
82
83
84
85
87
88
89
90
91
92
93
94
95
99
100
104
105
106
107
108
109
110
111
112
113
114
115
116
117
118
119
120
121
122
123
124
125
126
127
128
129
130
131
132
133
134
135
136
137
138
139
140
141
142
143
144
145
146
147
148
149
150
151
152
153
154
155
156
157
158
159
160
161
162
163
164
165
166
167
168
169
170
171
172
173
174
175
176
177
178
179
180
183
184
191
195
198
199
203
209
210
211
212
213
214
215
216
217
218
219
220
221
222
223
224
231
233
234
235
236
242
243
244
245
246
247
248
249
250
251
252
253
254
255
256
257
258
259
260
261
262
263
264
265
266
270
280
290
292
293
294
298
300
316
317
319
320
321
322
323
324
325
330
331
332
333
334
335
336
339
340
341
342
343
344
345
346
347
348
349
350
351
352
353
354
355
356
357
358
359
360
362
365
366
367
369
370
371
372
373
374
375
376
377
378
379
380
381
382
383
384
385
386
387
388
389
390
391
392
393
394
395
396
397
398
399
400
401
402
403
404
405
406
407
408
409
410
411
412
413
414
415
416
420
421
422
423
424
425
426
427
428
436
438
439
444
454
455
460
461
462
463
464
465
466
467
468
469
470
471
472
473
474
475
476
477
478
479
480
481
482
483
484
485
486
487
488
489
490
491
492
493
494
495
496
497
498
499
500
501
502
503
504
505
506
507
508
509
510
511
512
513
514
515
516
517
518
519
520
521
522
523
524
525
526
527
528
529
530
531
532
533
534
535
536
537
538
539
540
541
542
543
544
545
546
547
548
549
550
551
552
553
554
555
556
557
558
559
560
561
562
563
564
565
566
567
568
569
570
571
572
573
574
575
576
577
578
579
580
581
582
583
584
585
586
587
588
589
590
591
592
593
594
595
596
597
598
599
600
601
602
603
604
605
606
607
608
609
610
611
612
613
614
615
616
617
618
619
620
621
622
623
624
625
626
628
629
630
631
632
633
634
635
636
637
638
639
640
641
642
643
644
645
646
647
649
650
651
652
653
654
655
656
657
658
659
660
661
662
663
664
665
666
667
668
670
673
674
675
676
677
680
682
683
691
692
693
694
695
699
700
701
702
703
704
705
707
708
709
710
711
712
713
714
715
716
717
718
720
721
722
723
724
725
726
727
728
729
730
731
732
733
734
735
736
737
738
739
740
741
742
743
744
745
746
747
748
749
750
751
752
753
754
755
756
757
758
759
760
761
762
763
764
765
766
767
768
769
770
771
772
773
774
775
776
777
778
779
780
781
782
783
784
785
789
799
800
801
802
803
804
805
806
807
808
809
810
811
812
813
814
815
816
817
818
819
820
821
822
823
824
825
826
827
828
829
830
831
832
833
834
835
836
837
838
839
841
842
843
844
845
846
847
848
849
850
851
852
853
854
855
856
857
858
859
860
861
862
863
864
865
866
867
868
869
870
871
872
874
875
876
877
878
879
880
881
882
883
884
885
886
887
888
889
890
891
892
893
894
1B
31B
701A
816A
883A
A01
A02
A03
A04
A05
A06
A07
A08
A09
A10
A11
A12
A13
A14
A15
A16
A17
A18
A19
A20
A21
A22
A23
A24
A25
A26
A27
A28
A29
A30
A31
A32
A33
A34
A35
A36
A37
A38
A39
A40
A41
A42
A43
A44
A45
A46
A47
A48
A49
A50
A51
A52
A53
A54
A56
A57
A58
A59
A60
A61
A62
A63
A64
A65
A66
A67
A68
A69
A70
A71
A72
A73
A74
A75
A76
A77
A78
A79
A80
A81
A82
A83
A84
A85
A86
A87
A88
A89
A90
A91
A92
A93
A94
A95
A96
A97
A98
A99
B01
B02
B03
B04
B05
B06
B07
B08
B09
B10
B11
B12
BOL
STN
1
2
3
4
5
6
7
8
9
10
11
12
13
14
15
16
17
18
19
20
21
22
23
24
25
26
27
28
29
30
31
32
33
34
35
36
37
38
39
40
41
42
43
44
45
46
47
48
49
50
51
52
53
54
55
56
57
58
59
60
61
62
63
64
65
66
67
68
69
70
71
72
73
74
75
76
77
78
79
80
81
82
83
84
85
86
87
88
89
90
91
92
93
94
95
96
97
98
99
100
101
102
103
104
105
106
107
108
109
110
111
112
113
114
115
116
117
118
119
120
121
122
123
124
125
126
127
128
129
130
131
132
133
134
135
136
137
138
139
140
141
142
143
144
145
146
147
148
149
150
151
152
153
154
155
156
157
158
159
160
161
162
163
164
165
166
167
168
169
170
171
172
173
174
175
176
177
178
179
180
181
182
183
184
185
186
187
188
189
190
191
192
193
194
195
196
197
198
199
200
201
202
203
204
205
206
207
208
209
210
211
212
213
214
215
216
217
218
219
220
221
222
223
224
225
226
227
228
229
230
231
232
233
234
235
236
237
238
239
240
241
242
243
244
245
246
247
248
249
250
251
252
253
254
255
256
257
258
259
260
261
262
263
264
265
266
267
268
269
270
271
272
273
274
275
276
277
278
279
280
281
282
283
284
285
286
287
288
289
290
291
292
293
294
295
296
297
298
299
300
301
302
303
304
305
306
307
308
309
310
311
312
313
314
315
316
317
318
319
320
321
322
323
324
325
326
327
328
329
330
331
332
333
334
335
336
337
338
339
340
341
342
343
344
345
346
347
348
349
350
351
352
353
354
355
356
357
358
359
360
361
362
363
364
365
366
367
368
369
370
371
372
373
374
375
376
377
378
379
380
381
382
383
384
385
386
387
388
389
390
391
392
393
394
395
396
397
398
399
400
401
402
403
404
405
406
407
408
409
410
411
412
413
414
415
416
417
418
419
420
421
422
423
424
425
426
427
428
429
430
431
432
433
434
435
436
437
438
439
440
441
442
443
444
445
446
447
448
449
450
451
452
453
454
455
456
457
458
459
460
461
462
463
464
465
466
467
468
469
470
471
472
473
474
475
476
477
478
479
480
481
482
483
484
485
486
487
488
489
490
491
492
493
494
495
496
497
498
499
500
501
502
503
504
505
506
507
508
509
510
511
512
513
514
515
516
517
518
519
520
521
522
523
524
525
526
527
528
529
530
531
532
533
534
535
536
537
538
539
540
541
542
543
544
545
546
547
548
549
550
551
552
553
554
555
556
557
558
559
560
561
562
563
564
565
566
567
568
569
570
571
572
573
574
575
576
577
578
579
580
581
582
583
584
585
586
587
588
589
590
591
592
593
594
595
596
597
598
599
600
601
602
603
604
605
606
607
608
609
610
611
612
613
614
615
616
617
618
619
620
621
622
623
624
625
626
627
628
629
630
631
632
633
634
635
636
637
638
639
640
641
642
643
644
645
646
647
648
649
650
651
652
653
654
655
656
657
658
659
660
661
662
663
664
665
666
667
668
669
670
671
672
673
674
675
676
677
678
679
680
681
682
683
684
685
686
687
688
689
690
691
692
693
694
695
696
697
698
699
700
701
702
703
704
705
706
707
708
709
710
711
712
713
714
715
716
717
718
719
720
721
722
723
724
725
726
727
728
729
730
731
732
733
734
735
736
737
738
739
740
741
742
743
744
745
746
747
748
749
750
751
752
753
754
755
756
757
758
759
760
761
762
763
764
765
766
767
768
769
770
771
772
773
774
775
776
777
780
781
782
783
784
785
786
787
788
789
790
791
792
793
794
795
796
797
798
799
800
801
802
803
804
805
806
807
808
809
810
811
812
813
814
815
816
817
818
819
820
821
822
823
824
825
826
827
828
829
830
831
832
833
834
835
836
837
838
839
840
841
842
843
844
845
846
847
848
849
850
851
852
853
854
855
856
857
858
859
860
861
862
863
864
865
866
867
868
869
870
871
872
873
874
875
876
877
878
879
880
881
882
883
884
885
886
887
888
889
890
891
892
893
894
895
896
897
898
899
900
901
902
903
905
906
907
908
909
910
911
912
913
914
915
916
917
918
919
920
921
922
923
924
925
926
927
928
929
930
931
932
933
934
935
936
937
938
939
940
941
942
943
944
945
946
947
948
949
950
951
952
953
954
955
956
957
958
959
960
961
962
963
964
965
966
967
968
969
970
971
972
973
974
975
976
977
978
979
980
981
982
983
984
985
986
987
988
989
990
991
992
993
995
996
997
998
999
001B
009B
013B
031B
032B
334A
701A
778A
779A
816A
A01
A02
A03
A04
A05
A06
A07
A08
A09
A10
A11
A12
A13
A14
A15
A16
A17
A18
A19
A20
A21
A22
A23
A24
A25
A26
A27
A28
A29
A30
A31
A32
A33
A34
A35
A36
A37
A38
A39
A40
A41
A42
A43
A44
A45
A46
A47
A48
A49
A50
A51
A52
A53
A54
A56
A57
A58
A59
A60
A61
A62
A63
A64
A65
A66
A67
A68
A69
A70
A71
A72
A73
A74
A75
A76
A77
A78
A79
A80
A81
A82
A83
A84
A85
A86
A87
A88
A89
A90
A91
A92
A93
A94
A95
A96
A97
A98
A99
AAA
B01
B02
B03
B04
B05
B06
B07
B08
B09
B10
B11
B12
BILL
BOL
C01
C02
C03
C04
C05
C06
C07
C08
C09
C10
C11
C12
C13
C14
C15
C16
C17
C18
D01
D02
D03
D04
D05
D06
D07
D08
D09
D10
D11
D12
D13
D14
D15
D16
D17
D18
D19
D20
D21
D22
D23
D24
D25
D26
D27
D28
D29
D30
D31
D32
D33
D34
D35
D36
D37
D38
D39
D40
D41
DHED
E000
E006
E01
E010
E020
E030
E040
E050
E060
E070
E080
E090
E100
E110
E120
E130
E140
E150
E160
E170
E180
E190
E200
E210
E220
E230
E240
E250
E260
E270
E280
E290
E300
E310
E320
E330
E333
E340
E350
EYJOST
FL3
FL313
FLATEY
GHL
GRO
GRV
H005
H010
H010A
H010B
H015
H020
H022
H025
H030
H035
H040
H045
H050
H055
H060
H065
H070
H075
H080
H085
H090
H095
H100
H105
H110
H115
H120
H125
H127
H130
H133
H135
H136A
H138A
H140
H145
H150
H158
H167A
H-4K5
HAGON
HFN1
HREY
KKJU
NF1
NF2
NF3
NUPSV
S002
S005
S010
S015
S020
S025
S030
S035
S040
S045
S050
S055
S060
S065
S070
S075
S080
S085
S090
S095
S100
S105
S110
S112
S115
S117
S120
S122A
S125
S130
S144
S144A
S152
S152A
S199
SL4
SL5
SL51
SL6
SL7
SL83
SLBN1
SLBN2
SLHF1
SLHF2
SLN
SLSL
SLSL1
SLSL2
SLV
STIFL
STND
SVF
T000
T006
T006A
T010
T016
T020
T030
T037
T042
T042A
T042B
T042C
T042D
T042E
T042F
T042G
T050
T060
T070
T080
T090
T091
T100
T110
T115
T116
T120
T129
T130
T138
T138A
T139
T140
T150
T151
T160
T167
T168
T170
T180
T190
T195
T195A
T195B
T199
T200
T200A
T202
T207
T210
T217
T220
T220A
T230
T230A
T233
T234
T236
T236A
T236B
T240
T240A
T240B
T240C
T246
T250
T260
T270
T280
T290
T300
T300A
T310
T320
T330
T330A
T340
T348
T350
T351
T354
T356
T358
TGH
TGHB
V01
V13
VAN
VR2