1	1
2	2
3	3
4	4
5	5
6	6
7	7
8	8
9	9
10	10
11	11
12	12
13	13
14	14
15	15
16	16
17	17
18	18
19	19
20	20
21	21
22	22
23	23
24	24
25	25
26	26
27	27
28	28
29	29
30	30
31	31
32	32
33	33
34	34
35	35
36	36
37	37
38	38
39	39
40	40
41	41
42	42
43	43
44	44
45	45
46	46
47	47
48	48
49	49
50	50
51	51
52	52
53	53
54	54
55	55
56	56
57	57
58	58
59	59
60	60
61	61
62	62
63	63
64	64
65	65
66	66
67	67
68	68
69	69
70	70
71	71
72	72
73	73
74	74
75	75
76	76
77	77
78	78
79	79
80	80
81	81
82	82
83	83
84	84
85	85
86	86
87	87
88	88
89	89
90	90
91	91
92	92
93	93
94	94
95	95
96	96
97	97
98	98
99	99
100	100
101	101
102	102
103	103
104	104
105	105
106	106
107	107
108	108
109	109
110	110
111	111
112	112
113	113
114	114
115	115
116	116
117	117
118	118
119	119
120	120
121	121
122	122
123	123
124	124
125	125
126	126
127	127
128	128
129	129
130	130
131	131
132	132
133	133
134	134
135	135
136	136
137	137
138	138
139	139
140	140
141	141
142	142
143	143
144	144
145	145
146	146
147	147
148	148
149	149
150	150
151	151
152	152
153	153
154	154
155	155
156	156
157	157
158	158
159	159
160	160
161	161
162	162
163	163
164	164
165	165
166	166
167	167
168	168
169	169
170	170
171	171
172	172
173	173
174	174
175	175
176	176
177	177
178	178
179	179
180	180
181	181
182	182
183	183
184	184
185	185
186	186
187	187
188	188
189	189
190	190
191	191
192	192
193	193
194	194
195	195
196	196
197	197
198	198
199	199
200	200
201	201
202	202
203	203
204	204
205	205
206	206
207	207
208	208
209	209
210	210
211	211
212	212
213	213
214	214
215	215
216	216
217	217
218	218
219	219
220	220
221	221
222	222
223	223
224	224
225	225
226	226
227	227
228	228
229	229
230	230
231	231
232	232
233	233
234	234
235	235
236	236
237	237
238	238
239	239
240	240
241	241
242	242
243	243
244	244
245	245
246	246
247	247
248	248
249	249
250	250
251	251
252	252
253	253
254	254
255	255
256	256
257	257
258	258
259	259
260	260
261	261
262	262
263	263
264	264
265	265
266	266
267	267
268	268
269	269
270	270
271	271
272	272
273	273
274	274
275	275
276	276
277	277
278	278
279	279
280	280
281	281
282	282
283	283
284	284
285	285
286	286
287	287
288	288
289	289
290	290
291	291
292	292
293	293
294	294
295	295
296	296
297	297
298	298
299	299
300	300
301	301
302	302
303	303
304	304
305	305
306	306
307	307
308	308
309	309
310	310
311	311
312	312
313	313
314	314
315	315
316	316
317	317
318	318
319	319
320	320
321	321
322	322
323	323
324	324
325	325
326	326
327	327
328	328
329	329
330	330
331	331
332	332
333	333
334	334
335	335
336	336
337	337
338	338
339	339
340	340
341	341
342	342
343	343
344	344
345	345
346	346
347	347
348	348
349	349
350	350
351	351
352	352
353	353
354	354
355	355
356	356
357	357
358	358
359	359
360	360
361	361
362	362
363	363
364	364
365	365
366	366
367	367
368	368
369	369
370	370
371	371
372	372
373	373
374	374
375	375
376	376
377	377
378	378
379	379
380	380
381	381
382	382
383	383
384	384
385	385
386	386
387	387
388	388
389	389
390	390
391	391
392	392
393	393
394	394
395	395
396	396
397	397
398	398
399	399
400	400
401	401
402	402
403	403
404	404
405	405
406	406
407	407
408	408
409	409
410	410
411	411
412	412
413	413
414	414
415	415
416	416
417	417
418	418
419	419
420	420
421	421
422	422
423	423
424	424
425	425
426	426
427	427
428	428
429	429
430	430
431	431
432	432
433	433
434	434
435	435
436	436
437	437
438	438
439	439
440	440
441	441
442	442
443	443
444	444
445	445
446	446
447	447
448	448
449	449
450	450
451	451
452	452
453	453
454	454
455	455
456	456
457	457
458	458
459	459
460	460
461	461
462	462
463	463
464	464
465	465
466	466
467	467
468	468
469	469
470	470
471	471
472	472
473	473
474	474
475	475
476	476
477	477
478	478
479	479
480	480
481	481
482	482
483	483
484	484
485	485
486	486
487	487
488	488
489	489
490	490
491	491
492	492
493	493
494	494
495	495
496	496
497	497
498	498
499	499
500	500
501	501
502	502
503	503
504	504
505	505
506	506
507	507
508	508
509	509
510	510
511	511
512	512
513	513
514	514
515	515
516	516
517	517
518	518
519	519
520	520
521	521
522	522
523	523
524	524
525	525
526	526
527	527
528	528
529	529
530	530
531	531
532	532
533	533
534	534
535	535
536	536
537	537
538	538
539	539
540	540
541	541
542	542
543	543
544	544
545	545
546	546
547	547
548	548
549	549
550	550
551	551
552	552
553	553
554	554
555	555
556	556
557	557
558	558
559	559
560	560
561	561
562	562
563	563
564	564
565	565
566	566
567	567
568	568
569	569
570	570
571	571
572	572
573	573
574	574
575	575
576	576
577	577
578	578
579	579
580	580
581	581
582	582
583	583
584	584
585	585
586	586
587	587
588	588
589	589
590	590
591	591
592	592
593	593
594	594
595	595
596	596
597	597
598	598
599	599
600	600
601	601
602	602
603	603
604	604
605	605
606	606
607	607
608	608
609	609
610	610
611	611
612	612
613	613
614	614
615	615
616	616
617	617
618	618
619	619
620	620
621	621
622	622
623	623
624	624
625	625
626	626
627	627
628	628
629	629
630	630
631	631
632	632
633	633
634	634
635	635
636	636
637	637
638	638
639	639
640	640
641	641
642	642
643	643
644	644
645	645
646	646
647	647
648	648
649	649
650	650
651	651
652	652
653	653
654	654
655	655
656	656
657	657
658	658
659	659
660	660
661	661
662	662
663	663
664	664
665	665
666	666
667	667
668	668
669	669
670	670
671	671
672	672
673	673
674	674
675	675
676	676
677	677
678	678
679	679
680	680
681	681
682	682
683	683
684	684
685	685
686	686
687	687
688	688
689	689
690	690
691	691
692	692
693	693
694	694
695	695
696	696
697	697
698	698
699	699
700	700
701	701
702	702
703	703
704	704
705	705
706	706
707	707
708	708
709	709
710	710
711	711
712	712
713	713
714	714
715	715
716	716
717	717
718	718
719	719
720	720
721	721
722	722
723	723
724	724
725	725
726	726
727	727
728	728
729	729
730	730
731	731
732	732
733	733
734	734
735	735
736	736
737	737
738	738
739	739
740	740
741	741
742	742
743	743
744	744
745	745
746	746
747	747
748	748
749	749
750	750
751	751
752	752
753	753
754	754
755	755
756	756
757	757
758	758
759	759
760	760
761	761
762	762
763	763
764	764
765	765
766	766
767	767
768	768
769	769
770	770
771	771
772	772
773	773
774	774
775	775
776	776
777	777
778	778
779	779
780	780
781	781
782	782
783	783
784	784
785	785
786	786
787	787
788	788
789	789
790	790
791	791
792	792
793	793
794	794
795	795
796	796
797	797
798	798
799	799
800	800
801	801
802	802
803	803
804	804
805	805
806	806
807	807
808	808
809	809
810	810
811	811
812	812
813	813
814	814
815	815
816	816
817	817
818	818
819	819
820	820
821	821
822	822
823	823
824	824
825	825
826	826
827	827
828	828
829	829
830	830
831	831
832	832
833	833
834	834
835	835
836	836
837	837
838	838
839	839
840	840
841	841
842	842
843	843
844	844
845	845
846	846
847	847
848	848
849	849
850	850
851	851
852	852
853	853
854	854
855	855
856	856
857	857
858	858
859	859
860	860
861	861
862	862
863	863
864	864
865	865
866	866
867	867
868	868
869	869
870	870
871	871
872	872
873	873
874	874
875	875
876	876
877	877
878	878
879	879
880	880
881	881
882	882
883	883
884	884
885	885
886	886
887	887
888	888
889	889
890	890
891	891
892	892
893	893
894	894
895	895
896	896
897	897
898	898
899	899
900	900
901	901
902	902
903	903
904	904
905	905
906	906
907	907
908	908
909	909
910	910
911	911
912	912
913	913
914	914
915	915
916	916
917	917
918	918
919	919
920	920
921	921
922	922
923	923
924	924
925	925
926	926
927	927
928	928
929	929
930	930
931	931
932	932
933	933
934	934
935	935
936	936
937	937
938	938
939	939
940	940
941	941
942	942
943	943
944	944
945	945
946	946
947	947
948	948
949	949
950	950
951	951
952	952
953	953
954	954
955	955
956	956
957	957
958	958
959	959
960	960
961	961
962	962
963	963
964	964
965	965
966	966
967	967
968	968
969	969
970	970
971	971
972	972
973	973
974	974
975	975
976	976
977	977
978	978
979	979
980	980
981	981
982	982
983	983
984	984
985	985
986	986
987	987
988	988
989	989
990	990
991	991
992	992
993	993
994	994
995	995
996	996
997	997
998	998
999	999
13B	1000
1B	1001
31B	1002
32B	1003
334A	1004
339A	1005
701A	1006
778A	1007
779A	1008
816A	1009
883A	1010
887A	1011
9B	1012
A01	1013
A02	1014
A03	1015
A04	1016
A05	1017
A06	1018
A07	1019
A08	1020
A09	1021
A10	1022
A11	1023
A12	1024
A13	1025
A14	1026
A15	1027
A16	1028
A17	1029
A18	1030
A19	1031
A2	1032
A20	1033
A21	1034
A22	1035
A23	1036
A24	1037
A25	1038
A26	1039
A27	1040
A28	1041
A29	1042
A30	1043
A31	1044
A32	1045
A33	1046
A34	1047
A35	1048
A36	1049
A37	1050
A38	1051
A39	1052
A40	1053
A41	1054
A42	1055
A43	1056
A44	1057
A45	1058
A46	1059
A47	1060
A48	1061
A49	1062
A50	1063
A51	1064
A52	1065
A53	1066
A54	1067
A56	1068
A57	1069
A58	1070
A59	1071
A60	1072
A61	1073
A62	1074
A63	1075
A64	1076
A65	1077
A66	1078
A67	1079
A68	1080
A69	1081
A70	1082
A71	1083
A72	1084
A73	1085
A74	1086
A75	1087
A76	1088
A77	1089
A78	1090
A79	1091
A80	1092
A81	1093
A82	1094
A83	1095
A84	1096
A85	1097
A86	1098
A87	1099
A88	1100
A89	1101
A90	1102
A91	1103
A92	1104
A93	1105
A94	1106
A95	1107
A96	1108
A97	1109
A98	1110
A99	1111
AAA	1112
B01	1113
B02	1114
B03	1115
B04	1116
B05	1117
B06	1118
B07	1119
B08	1120
B09	1121
B10	1122
B11	1123
B12	1124
B2	1125
B3	1126
B4	1127
B5	1128
B6	1129
B7	1130
B8	1131
B9	1132
B91	1133
B92	1134
B93	1135
B94	1136
BILL	1137
BOL	1138
C01	1139
C02	1140
C03	1141
C04	1142
C05	1143
C06	1144
C07	1145
C08	1146
C09	1147
C10	1148
C11	1149
C12	1150
C13	1151
C14	1152
C15	1153
C16	1154
C17	1155
C18	1156
C2	1157
C3	1158
C4	1159
C5	1160
C6	1161
D01	1162
D02	1163
D03	1164
D04	1165
D05	1166
D06	1167
D07	1168
D08	1169
D09	1170
D10	1171
D11	1172
D12	1173
D13	1174
D14	1175
D15	1176
D16	1177
D17	1178
D18	1179
D19	1180
D2	1181
D20	1182
D21	1183
D22	1184
D23	1185
D24	1186
D25	1187
D26	1188
D27	1189
D28	1190
D29	1191
D30	1192
D31	1193
D32	1194
D33	1195
D34	1196
D35	1197
D36	1198
D37	1199
D38	1200
D39	1201
D40	1202
D41	1203
DHED	1204
E000	1205
E006	1206
E01	1207
E010	1208
E020	1209
E030	1210
E040	1211
E050	1212
E060	1213
E070	1214
E080	1215
E090	1216
E100	1217
E110	1218
E120	1219
E130	1220
E140	1221
E150	1222
E160	1223
E170	1224
E180	1225
E190	1226
E200	1227
E210	1228
E220	1229
E230	1230
E240	1231
E250	1232
E260	1233
E270	1234
E280	1235
E290	1236
E3	1237
E300	1238
E310	1239
E320	1240
E330	1241
E333	1242
E340	1243
E350	1244
E5	1245
EYJOST	1246
F1	1247
F2	1248
F3	1249
F4	1250
F5	1251
F6	1252
F8	1253
FL3	1254
FL313	1255
FLATEY	1256
GHL	1257
GRO	1258
GRV	1259
H005	1260
H010	1261
H010A	1262
H010B	1263
H015	1264
H020	1265
H022	1266
H025	1267
H030	1268
H035	1269
H040	1270
H045	1271
H050	1272
H055	1273
H060	1274
H065	1275
H070	1276
H075	1277
H080	1278
H085	1279
H090	1280
H095	1281
H100	1282
H105	1283
H110	1284
H115	1285
H120	1286
H125	1287
H127	1288
H130	1289
H133	1290
H135	1291
H136A	1292
H138A	1293
H140	1294
H145	1295
H150	1296
H158	1297
H167A	1298
H-4K5	1299
HAGON	1300
HFN1	1301
HREY	1302
KKJU	1303
M1	1304
NF1	1305
NF2	1306
NF3	1307
NUPSV	1308
R01	1309
R02	1310
R03	1311
R04	1312
R05	1313
R06	1314
R07	1315
R08	1316
R09	1317
R10	1318
R11	1319
R12	1320
R13	1321
R14	1322
R15	1323
S002	1324
S005	1325
S010	1326
S015	1327
S020	1328
S025	1329
S030	1330
S035	1331
S040	1332
S045	1333
S050	1334
S055	1335
S060	1336
S065	1337
S070	1338
S075	1339
S080	1340
S085	1341
S090	1342
S095	1343
S100	1344
S105	1345
S110	1346
S112	1347
S115	1348
S117	1349
S120	1350
S122A	1351
S125	1352
S130	1353
S144	1354
S144A	1355
S152	1356
S152A	1357
S199	1358
Se02	1359
Se03	1360
Se04	1361
Se05	1362
Se06	1363
Se07	1364
Se08	1365
Se09	1366
Se10	1367
Se11	1368
Se12	1369
Se13	1370
Se14	1371
Se15	1372
Se16	1373
Se17	1374
Se18	1375
Se19	1376
Se20	1377
Se21	1378
Se22	1379
Se23	1380
Se24	1381
Se25	1382
Se26	1383
Se27	1384
Se28	1385
Se29	1386
Se30	1387
Se31	1388
Se32	1389
Se33	1390
Se34	1391
SL4	1392
SL5	1393
SL51	1394
SL6	1395
SL7	1396
SL83	1397
SLBN1	1398
SLBN2	1399
SLHF1	1400
SLHF2	1401
SLN	1402
SLSL	1403
SLSL1	1404
SLSL2	1405
SLV	1406
STIFL	1407
STN	1408
SVF	1409
T000	1410
T006	1411
T006A	1412
T010	1413
T016	1414
T020	1415
T030	1416
T037	1417
T042	1418
T042A	1419
T042B	1420
T042C	1421
T042D	1422
T042E	1423
T042F	1424
T042G	1425
T049	1426
T050	1427
T060	1428
T070	1429
T080	1430
T090	1431
T091	1432
T100	1433
T110	1434
T115	1435
T116	1436
T120	1437
T129	1438
T130	1439
T138	1440
T138A	1441
T139	1442
T140	1443
T150	1444
T151	1445
T160	1446
T167	1447
T168	1448
T170	1449
T180	1450
T190	1451
T195	1452
T195A	1453
T195B	1454
T199	1455
T200	1456
T200A	1457
T202	1458
T207	1459
T210	1460
T217	1461
T220	1462
T220A	1463
T230	1464
T230A	1465
T233	1466
T234	1467
T236	1468
T236A	1469
T236B	1470
T240	1471
T240A	1472
T240B	1473
T240C	1474
T246	1475
T250	1476
T260	1477
T270	1478
T280	1479
T290	1480
T300	1481
T300A	1482
T310	1483
T320	1484
T330	1485
T330A	1486
T340	1487
T348	1488
T350	1489
T351	1490
T354	1491
T356	1492
T358	1493
TGH	1494
TGHB	1495
V01	1496
V13	1497
VAN	1498
VR2	1499
